15.093429
16.052305
18.444248
27.674232
31.621426
29.341576
24.038074
18.710993
18.169474
15.651484
18.492086
18.870741
18.809195
18.826550
29.910091
28.655558
22.790970
16.237694
17.424391
20.272751
16.994518
8.434733
15.828449
19.131176
14.130846
19.459179
25.564205
25.046967
26.032928
34.795856
36.137196
34.831310
22.578548
20.717527
20.739557
22.943403
18.604502
18.938385
15.635586
8.424451
5.804773
5.870152
8.518844
8.147787
12.071866
18.364737
18.500010
8.335991
4.146926
1.577491
0.020999
0.880948
10.216862
13.980306
23.272629
26.775934
35.089108
31.331320
18.261379
8.107615
8.229114
11.558631
16.067646
18.878664
18.616343
21.421799
20.576164
26.147093
30.096682
30.346277
30.541311
31.403830
28.057951
27.260450
29.040464
41.252338
44.048206
35.635471
27.317690
27.367228
27.407560
27.547737
35.243771
35.428787
32.934196
20.027609
14.108130
14.660542
11.700912
6.506872
13.157984
12.791416
16.886782
13.631423
7.904690
9.465319
10.768903
13.815767
15.853915
17.282707
17.685694
11.512933
6.507112
6.451714
5.586987
16.094173
20.165073
22.429861
10.733457
18.439724
17.784645
14.350242
19.578997
36.318176
36.278820
34.386879
29.677572
7.452896
-0.024552
0.009889
-0.003097
11.455841
17.150261
18.752321
25.135990
26.433916
28.178381
29.264204
31.284433
32.026348
32.189808
29.267040
28.910374
28.128942
17.536680
6.183916
5.742130
3.207849
4.061990
15.155190
17.520117
17.878223
16.020649
25.856949
29.264606
27.974957
11.279923
9.222137
9.110340
6.173251
10.110538
25.626371
25.597002
20.263037
10.094659
11.549068
13.765562
7.557214
5.046647
3.954552
2.516330
5.575219
17.654942
18.696074
21.363007
17.083742
15.673129
15.731975
10.272327
4.517677
4.192883
3.354126
3.332381
15.154773
19.731598
19.311131
14.048057
10.642385
10.668162
10.672376
12.312240
14.987555
14.826985
13.278269
8.351018
9.191730
6.517391
5.957847
8.591376
10.767507
11.535635
5.986448
5.042591
4.856966
6.934304
5.672538
10.367584
9.815304
8.449680
8.397985
8.439795
9.153915
8.678438
4.707921
4.155537
1.430033
0.859639
3.424226
5.663037
5.670492
3.902445
4.942356
5.055480
5.097785
5.108376
10.663624
10.661767
9.375932
6.982255
9.769942
9.482760
8.446898
3.119231
1.688310
1.639813
0.427786
2.783501
4.221799
5.016932
1.191918
1.661037
2.338107
1.675822
1.674405
1.578077
1.998439
1.938998
0.853552
0.859234
0.385274
-0.055251
11.875710
13.215864
22.768850
32.514587
36.505699
33.932743
25.708893
20.283955
19.847383
16.439434
18.505016
18.810434
18.845535
18.840700
30.050406
28.597790
22.768101
17.374693
19.187441
21.942818
19.020576
13.352488
20.657835
24.048958
18.940731
24.429518
30.399513
29.996058
30.004416
36.382008
37.778191
36.456440
20.861399
17.480751
17.496134
19.696959
18.823139
20.614243
17.370567
10.160420
7.475645
7.498057
10.154506
10.796689
16.922384
23.349173
23.277916
10.727219
4.159606
1.618003
0.018280
3.323856
15.135126
18.926970
28.163177
27.295408
35.137203
31.388266
18.215250
12.452031
13.160673
16.361961
20.628077
20.613953
20.302889
23.088440
19.837051
22.997250
26.858736
27.198122
32.096672
36.333687
32.994633
32.133179
27.242613
38.042156
40.868004
32.447079
24.160717
24.119699
24.099680
24.780388
36.943455
37.079166
34.681160
23.346758
19.026217
19.544069
16.502104
7.923497
13.143539
12.735256
16.893152
14.806894
9.623820
11.118243
12.516720
15.506220
17.605461
19.001045
19.000599
11.487088
6.454859
6.518711
5.539413
16.138542
20.150360
22.450542
10.757896
18.356504
17.806265
14.435262
20.758850
37.959484
37.974224
35.660774
26.474213
4.758492
-0.048946
0.041731
0.007449
10.817941
13.957474
18.675428
29.128633
30.305202
32.604874
29.214460
28.169250
28.787292
28.957855
29.205326
29.611206
28.770464
17.594864
3.363508
2.582289
0.009723
0.810199
11.274047
13.286781
13.656057
13.269546
27.123909
30.609480
29.568659
12.965112
10.766842
10.836869
7.834044
11.889017
27.880711
27.936214
21.449753
6.446852
7.326915
9.520167
4.350341
4.377956
3.528169
1.857099
3.730852
13.460885
14.540459
17.105780
12.874741
11.573508
11.483374
6.852239
4.315415
4.775063
3.880297
3.845440
16.739189
21.084438
20.485472
14.216683
9.631169
9.624295
9.671428
12.767114
19.368988
19.408842
18.044479
13.270388
14.156317
11.441686
10.832274
11.024143
11.493811
12.337953
7.940670
9.948318
9.826134
11.816865
10.561497
14.662453
13.766708
12.298502
12.328407
12.808990
13.584917
13.389973
6.209270
4.109810
1.408471
0.891279
1.025314
1.541794
1.449799
0.994755
9.285054
9.968370
9.930175
8.241887
7.859348
8.018629
6.635112
5.328396
10.601847
10.165229
9.152536
2.578777
1.333324
1.251438
0.833068
3.295005
4.851576
5.564562
1.205641
1.174160
1.362927
0.675703
0.619751
1.105972
1.589856
1.841823
1.401499
1.387409
0.977518
0.592456
11.862432
13.245632
19.462116
20.839973
24.069897
26.882669
24.624775
20.356209
19.902937
16.502211
24.544451
27.688805
32.192623
24.752785
24.891495
22.306770
16.494255
11.700140
21.617971
24.460747
25.547714
26.868509
29.496191
29.815825
16.098318
11.683837
11.812321
11.263671
11.221815
23.808506
27.867432
26.711739
21.995665
24.513836
26.634136
33.859325
33.051022
34.764454
31.485191
24.363859
20.918058
16.362694
18.994425
19.635075
20.056053
20.463367
20.434572
16.537384
13.019119
10.401829
13.313170
9.150261
20.423185
23.803720
26.425039
25.247881
37.093987
33.849232
21.711836
17.020803
13.153633
13.354239
13.620108
17.932173
22.160713
28.404909
26.949205
30.151777
33.976593
34.343006
39.252747
39.585690
34.802269
32.737911
19.197117
19.353273
22.233931
13.786824
5.480454
5.373959
5.452073
6.104054
20.605297
25.376472
23.003498
20.291769
25.122519
28.361263
25.446289
16.827908
22.029381
21.598537
22.771776
13.144296
14.527581
16.436804
17.756880
20.818062
22.884214
21.176579
17.215439
14.648460
15.373651
15.285595
14.350863
16.891939
17.315910
19.635481
18.911448
27.367878
26.691551
21.992311
19.729755
26.310276
26.326759
23.913792
17.377861
4.455742
0.009349
0.079447
-0.029839
8.378240
11.213078
9.303717
16.951023
17.960758
20.663679
17.511852
16.458120
17.160297
17.228233
17.775145
19.020905
18.095346
9.928288
3.265839
2.628978
-0.041116
0.885553
10.765640
12.723963
13.013344
12.635312
25.392578
28.115633
26.870106
21.074972
19.622244
19.707285
16.675848
20.071625
26.101473
26.178610
19.724878
6.108489
6.705520
8.860615
3.660706
4.409241
3.903656
1.959053
3.035757
12.729296
13.845160
16.547934
12.258677
10.820540
10.812216
6.765796
4.599242
5.785689
5.021828
4.936366
17.551077
21.473835
20.769529
13.675921
8.965995
8.919883
8.989900
12.052561
19.635918
19.736155
18.265461
13.325711
14.187222
11.333663
10.820226
10.815345
10.781054
11.634489
7.951652
9.964818
9.815434
11.842002
10.532326
14.096749
13.078877
11.598176
11.626916
13.085129
13.975216
13.615072
6.132205
4.127052
1.488463
0.857755
0.831727
0.836612
0.831862
0.896780
9.289670
9.992309
10.002068
8.207701
8.574642
9.228335
7.272218
5.315618
9.972551
9.470267
8.476296
2.067000
1.641770
1.631403
1.677916
4.446458
5.829130
6.685472
1.281216
0.778823
0.723672
-0.024494
0.034234
1.105680
2.053802
2.554790
2.510732
2.512188
1.978064
1.635928
7.134315
7.291962
13.256245
14.125945
19.781288
24.371754
21.940002
15.701407
13.702048
8.552433
19.193176
23.473089
29.728548
19.213629
20.063097
20.787487
18.445799
15.653755
28.784382
29.851198
30.052849
30.765163
28.872208
27.314114
14.194937
7.995386
7.694961
9.231632
9.235176
22.317059
26.915960
25.931227
22.052126
24.954319
26.130257
32.689308
30.940235
32.743843
32.301453
28.781322
26.476084
19.972389
20.386526
20.426128
21.306410
22.406921
24.541193
21.289837
17.904051
15.772596
20.161549
11.517629
18.282497
19.742887
20.252234
19.413595
36.238194
35.750713
26.326654
20.914328
15.188497
16.858461
17.235752
23.403828
28.525925
31.829731
29.329020
29.344563
31.817572
33.854687
38.765797
39.214386
36.462311
34.422188
17.683681
17.082804
16.043818
8.723764
1.291843
1.350396
3.035543
4.088232
17.313946
22.034565
20.966637
17.184540
24.738674
29.039886
27.801901
22.525978
27.713816
27.444773
29.837507
17.134430
20.770439
21.048851
19.878984
22.272678
24.960234
25.292437
21.058414
19.742390
20.265060
18.978033
18.019781
21.289932
21.989227
23.810707
23.754539
27.858749
27.051373
22.126749
16.620476
22.420057
23.669626
20.740170
15.849226
6.180975
0.026783
0.002171
0.014463
11.539208
16.096979
11.562189
18.247103
17.346035
16.930889
13.851186
12.825870
13.470068
13.657298
14.070585
15.289659
14.461322
6.591797
0.495425
0.333502
1.678384
2.916329
12.986122
14.775272
15.101214
14.748342
29.567335
31.753590
29.748615
24.631006
23.320761
23.320908
20.338877
23.580648
28.948212
30.284742
23.712341
8.246532
8.800715
8.783332
2.957136
3.734951
4.446206
4.056478
5.121758
14.898990
13.954267
13.632662
9.289731
8.049076
8.832446
6.016973
3.898552
5.163956
4.225882
4.305113
16.823942
20.250132
17.882162
10.780774
6.165668
6.051758
6.149105
9.235997
16.669762
16.994019
15.396826
10.378918
11.324694
10.837305
10.819118
10.910853
10.816501
11.638000
7.926153
9.987834
9.810202
11.291868
9.858498
13.461005
13.578816
13.842176
13.783957
15.186461
15.561671
12.877732
5.463851
3.505334
1.321438
0.843638
0.856469
0.833910
0.829640
0.920747
9.310424
9.943954
10.043917
8.159838
8.619508
9.127673
7.272502
5.279371
9.927395
9.425996
8.483557
2.076339
1.620507
1.713427
1.660701
4.412954
5.816995
6.710259
1.313276
0.865290
0.671356
-0.007014
-0.035056
1.166597
1.911152
2.483106
2.477533
2.554280
1.983677
1.680507
10.708244
10.750665
16.644802
17.212845
22.525000
27.413002
24.907406
18.389189
15.289557
3.267865
13.841039
18.618547
25.286657
14.753564
22.369801
24.514456
21.176659
16.730236
29.997869
29.986794
30.009554
31.549997
31.702732
29.852282
13.909496
7.449110
7.153480
9.967612
9.965486
25.118389
30.691801
29.791258
25.836832
28.874760
28.566055
30.282276
24.816536
26.604813
27.444458
27.482809
26.488092
19.716970
19.170444
19.123312
23.676357
29.077612
32.352722
28.987989
25.687271
24.126493
26.343143
12.428724
14.938242
14.902347
14.982509
14.595299
38.860184
38.053699
32.144611
27.967325
22.364973
25.647900
26.331367
32.420921
37.079372
38.224289
28.971018
25.645208
26.261848
28.920849
33.857132
41.114910
40.477394
38.778625
22.033585
21.189896
18.022383
8.236892
-0.042763
0.237498
3.539918
4.757499
19.388256
25.957264
24.269718
13.566647
21.091328
24.945604
24.931648
22.904308
28.160624
28.455847
30.993416
18.707541
29.850777
30.685799
23.471046
23.782686
26.307966
25.600929
21.386309
20.076927
20.402452
18.967657
17.983183
26.509655
30.514540
33.252048
33.147137
33.207081
29.755348
24.395081
18.875383
24.670513
27.492956
19.188147
13.427445
7.206230
0.021086
0.041150
-0.045698
11.954831
18.147032
13.571265
20.175995
18.592646
17.273399
14.251930
13.203786
13.182458
13.052038
13.621897
14.808754
14.796801
6.846069
0.851260
0.702806
2.708788
4.186998
14.158593
15.989281
16.319321
15.930569
30.697681
32.220165
29.667128
24.636192
23.309469
23.988762
21.171701
24.361673
29.762568
31.798161
25.710081
10.236626
10.809043
10.327520
4.496410
5.270692
5.472437
4.420626
5.491389
15.254175
13.566806
12.309944
8.031360
6.633236
7.957432
5.823962
3.873383
5.019670
5.839051
5.810224
18.334057
21.533546
18.288260
11.134902
6.485371
6.193222
5.631081
8.681856
16.178923
16.337015
14.922123
9.897985
10.829957
11.455114
11.656740
11.586712
11.609357
11.672092
7.891664
9.995828
9.924999
12.709291
11.404939
15.011917
14.626149
14.144338
14.139844
15.545106
16.331087
13.612295
6.053113
4.150574
1.493140
0.836983
0.893823
0.860259
0.004031
0.059651
8.442205
9.200411
9.138727
7.309824
7.727941
8.340652
6.421192
4.472093
9.142900
9.114217
8.543708
2.050689
1.650050
1.641699
1.655557
4.414015
5.761259
6.676022
1.295338
0.844282
0.881280
0.856841
0.850245
1.890851
2.465318
2.502145
2.521799
2.485807
1.989066
1.692496
10.692009
10.641169
16.626583
17.164749
22.518822
27.416546
24.865627
18.405039
15.199162
3.354925
13.878433
18.708298
25.268063
14.700503
22.347826
24.570715
21.164660
16.772526
29.979887
29.996853
29.950832
31.535267
31.743307
29.765526
13.985693
7.503868
7.205771
10.008072
10.031773
25.056065
30.824245
29.841297
25.865009
28.788992
28.448008
30.264280
24.814306
26.684982
27.482307
27.430185
26.535324
19.792225
19.127579
19.151951
23.618549
29.052776
32.357628
28.998182
25.664730
24.193426
26.243399
13.822105
17.293238
17.265972
16.196659
12.503337
36.356468
35.558662
31.246866
27.949215
22.346939
25.629221
26.916845
34.693848
39.437706
40.321461
28.963163
25.658527
26.335913
28.910852
32.297340
38.576897
38.003338
36.277153
21.419432
21.040821
17.798866
8.206758
0.014891
0.147969
3.481721
5.308956
21.680248
28.334063
26.431751
12.477819
18.864832
22.771048
22.550051
21.331543
26.747252
27.093679
29.318260
16.276415
27.409067
28.154640
20.993816
21.565975
24.060530
23.358152
21.572882
22.401899
22.682695
21.255474
18.928608
25.107450
29.097412
31.175400
29.641697
29.775219
26.336861
21.527397
18.279343
24.606716
27.314528
19.229969
13.654231
7.377151
0.216774
0.020586
-0.013879
11.992267
17.021929
12.413206
19.338934
17.654453
16.185122
11.406041
9.505644
9.404125
9.403506
11.818736
13.395394
13.388515
6.712161
1.060403
0.901952
2.930748
3.791819
10.647621
12.548986
12.959226
14.752600
29.454367
30.972677
28.507257
25.059046
24.629107
25.342594
22.079193
22.280291
27.288822
29.334070
23.269623
9.005472
9.460282
9.142919
6.435044
7.602049
7.839865
6.540546
4.126429
11.580454
9.867312
8.611320
5.876050
5.523221
6.880736
6.517148
6.094730
7.276017
8.172864
8.104445
19.660908
22.624048
19.389633
13.359594
8.785565
8.452605
7.889523
9.989812
16.388376
16.512106
15.441237
11.702860
11.870874
12.476107
11.697644
10.586189
10.666538
10.705901
8.136596
10.042009
10.054047
12.696511
11.371201
13.731762
13.425637
12.939877
13.973701
16.916338
17.653368
15.625533
8.708872
6.794631
4.020407
3.449790
3.419790
3.424939
2.613440
0.939150
6.239995
6.983315
6.919485
5.063909
4.319228
4.939546
3.344876
2.268327
6.988688
6.913616
6.811261
3.570492
3.993472
3.961321
3.946868
6.160296
7.191120
7.997217
2.008373
0.836305
0.853531
0.894399
0.852076
2.216079
2.844151
2.791934
3.780747
5.000213
4.533140
4.276368
10.701685
10.758772
16.649099
17.144106
22.533571
27.272356
24.885881
18.408234
15.280127
3.249889
8.814308
13.156071
19.853338
9.257810
16.932440
19.104525
15.628705
17.611465
33.287464
33.268921
32.723473
31.557278
31.755121
29.792086
13.902537
7.464121
7.171725
9.979380
9.973252
25.072912
30.766247
29.832464
25.163715
23.358658
23.023680
24.818634
25.744354
29.853571
30.812525
30.749294
29.718874
23.153954
22.449306
21.249622
23.674620
29.016150
32.392147
28.953144
25.757330
24.117708
26.332615
14.001820
17.476061
17.443537
16.261387
11.766448
34.200714
33.308010
28.617855
22.557135
16.895317
20.210829
21.443165
31.863060
37.358177
38.331787
24.927460
20.184984
20.896280
23.455294
26.805094
33.143002
32.491695
30.768822
17.187275
19.159599
15.908251
6.910008
3.326946
3.428273
6.925150
8.717471
21.250292
26.285477
24.402132
14.498045
26.050789
29.907730
27.794785
20.163294
18.547089
18.851341
23.060963
17.128605
30.690931
31.519392
23.792116
21.943634
22.467014
21.366455
16.215506
17.134424
17.507469
15.970591
15.881193
22.283495
26.396263
28.315861
28.868883
33.962673
30.627102
25.074520
19.941990
22.472301
25.322794
17.132841
14.872480
10.303942
3.553734
-0.013410
0.039448
12.021502
16.627699
10.458652
15.157652
13.018729
9.789885
3.370594
4.325584
4.311176
4.296850
3.709373
5.132009
5.163664
1.884666
4.395510
4.848804
6.847572
7.594509
10.044480
11.285335
10.573869
7.721444
21.010221
22.533190
20.052635
23.140905
29.134756
29.774076
25.750450
23.761953
25.159557
27.142962
21.475025
6.688413
6.704048
6.679919
6.664865
10.244670
11.324991
10.089047
6.630855
6.840545
4.732976
3.464783
6.847952
9.896037
11.312430
10.367081
6.450084
7.432202
8.343216
8.346337
16.102863
17.728069
14.897289
11.491221
6.755983
6.451820
5.895591
7.167903
14.937474
15.161215
12.160222
9.184257
9.098407
9.853390
8.776276
10.264269
11.696636
11.644099
11.777446
14.156065
14.187541
16.389608
11.101891
10.804642
10.486558
9.949459
12.192843
18.092581
18.792225
18.232599
12.800869
10.865391
8.065176
7.492897
7.482679
7.460625
6.676262
4.977072
10.106749
10.743930
10.806746
8.723856
5.290758
5.737807
5.283413
6.114975
10.792027
10.852440
8.664074
3.689047
4.180172
4.110791
4.091645
6.935559
8.346560
9.176004
2.072753
0.918929
0.850108
0.889501
1.092873
6.148122
6.633482
6.643027
7.752827
9.199343
8.686829
8.291633
10.691027
10.716500
13.361186
13.507773
18.858637
23.865015
23.238974
16.785486
13.569702
2.446291
8.597620
13.022698
19.657379
10.039008
18.725861
20.790657
17.479204
16.073448
31.912498
31.934221
31.059135
29.593431
30.074347
28.085356
11.697989
3.745734
3.489145
6.357355
6.284377
21.374397
27.149864
26.252926
25.003452
25.191151
24.843370
26.638487
25.919458
30.625544
31.408808
31.243387
28.466328
21.885363
21.103342
19.322657
21.924006
27.326565
30.710737
28.150223
25.647524
24.092136
26.372751
12.171278
13.797071
13.829049
12.647409
12.128571
36.364555
35.468170
30.363007
19.015820
13.001932
16.320499
17.753912
31.703529
37.913368
38.844780
24.921143
19.969793
20.643154
23.332069
24.846970
29.322290
28.664839
26.886839
17.455463
21.283003
18.037565
9.131483
7.467960
7.799656
11.124508
12.105764
19.764500
24.893974
22.901203
13.655067
26.717390
30.585484
28.481932
21.625450
20.269445
20.689772
24.825964
15.501438
29.372229
30.167868
22.097923
19.952549
20.599131
19.413895
15.559735
18.963415
19.191900
17.785873
17.725672
24.317360
28.295912
30.311007
31.186678
38.233757
34.899769
29.429913
21.661633
23.016218
25.811661
17.912313
18.991219
12.958161
3.623066
0.012535
-0.023553
12.057329
16.656218
9.944872
13.306425
11.249372
7.785326
2.991745
6.430898
6.463743
6.452297
4.897946
6.896534
7.026506
3.705068
6.407040
6.829659
8.743361
9.507332
13.572215
15.380351
14.607507
8.540002
17.195227
18.710964
16.202166
19.749659
27.773407
28.492025
24.558447
22.407677
23.636503
25.648785
20.030437
8.443881
8.546980
8.626337
8.604051
13.915496
15.674723
14.398799
9.955498
9.027448
6.939536
5.623269
9.153875
12.278268
13.655911
12.677719
7.966125
9.517551
10.296802
10.369102
15.932115
18.221699
15.372863
13.030511
10.912936
10.610708
10.157662
7.995773
11.077033
11.354307
8.229885
6.437008
7.509254
8.143986
7.118183
8.600442
9.963290
10.006845
9.805321
10.403327
10.533974
12.682310
7.450607
7.184748
6.806458
6.326624
8.488550
14.418639
15.120876
14.588029
11.759580
10.874928
8.123040
7.432239
7.420630
7.524550
6.623599
5.026201
8.618046
9.182687
9.120827
8.208002
7.284696
7.768568
7.204160
7.011601
9.105102
9.065979
6.954790
3.155402
4.146808
4.173772
4.126277
6.870758
8.329492
9.110381
2.124962
0.817415
0.890391
0.810209
1.086639
6.063216
6.603726
6.654656
7.727259
9.067538
8.642384
8.333404
