42.241562
17.810524
0.620524
0.608849
0.610774
0.566657
31.261892
42.262516
42.524105
42.878689
42.911133
42.307171
34.470963
0.581620
0.559507
0.022748
0.020624
0.013494
-0.001421
0.081730
1.251744
1.249814
0.613998
0.019261
-0.024375
30.643257
41.609791
41.915966
1.191295
0.574920
0.590654
0.592955
0.606701
0.572801
0.603428
0.619099
14.592641
42.062077
41.692913
17.882763
0.648801
0.687940
0.664627
0.687022
0.671184
0.640549
0.669771
0.691808
0.654044
0.078666
0.423098
0.582967
0.595343
0.592456
0.602228
14.622448
42.030846
41.613644
41.645737
41.633167
41.630188
41.638016
41.667744
41.638515
41.612438
41.915615
1.149458
0.598684
0.599664
1.037685
1.261080
1.187900
0.579324
0.602885
0.612666
0.414632
0.031697
0.684060
0.682528
0.637692
0.814144
1.261510
1.260659
1.286342
1.255589
1.264510
40.250935
42.369038
34.518986
0.671457
0.667637
0.680288
0.674633
14.672025
42.278801
42.327076
42.293343
42.303200
41.962257
41.633217
41.636204
41.627262
41.661896
41.657150
41.631771
41.636185
41.647873
42.462799
42.918621
42.828213
42.230076
42.206802
42.229092
42.230949
42.281406
18.471830
1.229420
-0.000713
-0.000424
0.025984
-0.030667
-0.034197
0.004862
0.022556
38.996937
41.662251
33.887428
0.002030
-0.005638
0.004513
0.000410
14.007209
41.631775
41.622307
17.198408
-0.006130
-0.011185
0.031079
-0.025549
0.012811
-0.014768
0.011312
-0.013603
-0.018893
-0.030954
-0.013462
0.012785
0.011502
0.025825
0.012361
-0.002514
-0.004842
-0.021836
0.002348
0.017715
-0.016900
-0.010239
-0.008904
-0.014870
0.024124
-0.004392
0.025540
-0.020147
-0.007455
0.013008
-0.002104
0.026414
0.001822
0.028975
0.000865
0.014633
-0.025793
-0.027823
0.001030
-0.004686
-0.018777
-0.012432
0.008099
0.032725
0.013393
-0.019540
-0.009789
0.008551
-0.001376
-0.007441
-0.013734
-0.018276
0.022320
-0.022639
0.006855
0.006444
0.012969
-0.007605
-0.013704
-0.034486
0.005403
0.024193
0.031929
0.007226
0.013168
0.032794
0.021859
0.027374
0.004971
0.022889
-0.017312
-0.013806
0.010457
0.030787
-0.021081
0.023849
-0.028752
0.009130
-0.007600
0.009872
0.001689
-0.021334
-0.008404
-0.015991
-0.003973
-0.001549
-0.009547
0.008997
0.030846
-0.023251
0.014511
-0.003751
0.000942
0.006440
0.003474
0.014109
-0.000767
-0.014667
0.001483
0.004205
-0.031778
-0.015828
-0.009601
0.018679
-0.025041
0.009318
34.320385
15.155639
1.641840
1.658320
1.659469
1.683528
25.687927
34.305531
34.322002
34.327480
34.303978
34.312454
28.209887
1.680362
1.522426
-0.006870
-0.026781
0.012290
-0.000430
0.137537
1.689790
1.662194
0.847758
-0.012118
0.003008
24.061190
32.666519
33.434063
2.096774
1.650404
1.666116
1.654848
1.676610
1.684564
1.649777
1.672688
12.654056
33.832851
32.651436
13.511498
-0.030397
0.023097
0.000056
-0.011778
0.000067
0.011404
0.021352
0.013287
0.023693
-0.019079
1.108847
1.673483
1.683115
1.695399
1.661366
12.675414
33.835125
32.664494
32.670605
32.645649
32.651505
32.673325
32.677105
32.664726
32.654503
33.409679
2.087404
1.664738
1.672400
1.679921
1.670196
1.682002
1.663017
1.670251
1.670224
1.178098
-0.021736
-0.011815
0.012981
0.001958
0.462619
1.666352
1.635441
1.652221
1.658360
1.633415
32.256622
32.832077
26.587681
0.027700
-0.011588
0.017094
0.006564
11.000345
32.641819
32.661064
32.674545
32.661377
32.662415
32.643555
32.637905
32.629219
32.662170
32.637535
32.636078
32.629002
32.637226
33.773201
34.320576
34.313599
34.319691
34.329685
34.316559
34.331741
34.318512
15.203106
1.643961
0.012218
-0.009101
0.003962
-0.000082
0.019311
-0.018944
0.006482
30.572035
32.662876
26.580709
0.010448
-0.024678
0.021030
-0.000461
10.988054
32.650249
32.661705
13.527873
-0.022605
-0.018223
0.004592
0.017273
-0.015503
0.000334
0.019107
-0.003677
-0.000962
-0.007008
-0.003021
-0.007290
-0.023099
0.009197
-0.016391
0.020862
0.009115
0.002920
0.001918
-0.024403
-0.006715
0.010328
-0.011321
0.003733
-0.014351
0.009709
0.003271
-0.015588
0.005492
0.010512
0.006243
0.022887
-0.007711
-0.029165
0.000160
0.016786
0.011169
0.019267
-0.026891
0.010207
-0.027741
-0.029911
0.002917
-0.010841
-0.020714
-0.013474
0.010022
-0.011599
-0.010554
0.011940
0.003998
0.022732
0.022267
-0.007323
-0.013536
0.007917
0.002386
0.029736
-0.007671
0.007878
0.000248
-0.001428
-0.009235
-0.007463
0.009407
-0.009076
-0.030677
-0.019424
0.010191
-0.017567
-0.009217
-0.017550
-0.007479
-0.006300
0.011609
-0.028193
-0.019774
-0.018369
0.000208
0.009672
-0.006429
0.004205
-0.007596
0.015838
-0.003118
0.018868
0.023755
-0.000732
0.008603
-0.023916
0.007146
0.008851
0.014656
-0.002089
0.001389
-0.015938
-0.011165
0.010712
0.004638
-0.000974
-0.006855
-0.004579
-0.018524
0.025666
-0.010880
-0.006915
43.295696
43.307571
43.272942
43.295906
43.277245
10.565204
1.665277
1.674813
1.647516
1.662159
40.646080
43.306107
43.296265
43.297119
43.169876
41.640015
41.602581
41.633453
41.637928
41.764812
43.320908
43.290154
42.460411
41.662155
41.665787
41.647827
41.657578
42.433456
43.296886
43.310085
43.303741
35.573566
1.644598
1.683625
1.697202
1.663616
15.703469
42.808937
41.646481
17.233009
0.034467
0.001938
0.020527
-0.007496
30.666069
41.639324
41.632523
41.643410
41.637947
41.635612
42.771408
43.284019
43.290936
43.295780
27.223707
1.687057
1.188952
-0.004147
-0.003902
0.009205
0.007714
0.001616
0.005336
-0.011079
0.021849
0.785334
1.692537
40.665760
43.293068
43.299019
43.281242
43.287540
43.300957
27.214138
1.685207
1.181968
-0.031966
-0.020497
-0.027860
0.011145
0.433798
1.653241
32.325485
43.311218
43.285633
43.308277
43.294888
41.853172
41.600739
41.627594
41.641994
41.648453
25.541580
-0.027505
0.002539
0.016225
0.011642
22.330004
41.621429
41.641323
41.667316
41.644444
41.670635
41.630047
0.579840
0.017616
-0.001225
1.100048
1.700510
1.674305
1.695724
1.680795
1.664155
1.652662
1.693790
1.691562
1.619373
-0.012940
0.026125
0.005224
-0.020180
-0.006716
0.018842
0.014196
38.997776
41.616215
41.625256
41.612255
41.647903
41.651852
41.618740
41.640381
41.661461
41.614540
17.221121
-0.000218
-0.002676
-0.000468
0.020970
-0.005557
-0.029553
0.013304
0.011847
-0.028789
-0.037425
0.002246
-0.000618
0.001895
-0.010693
0.025507
0.007120
0.009127
-0.021209
-0.014038
-0.016678
0.024569
0.007343
0.013743
0.001989
-0.019591
0.030758
-0.014103
0.025956
0.017385
0.005605
-0.013287
0.017167
0.002929
0.026245
-0.001863
-0.002628
0.036692
-0.028559
0.009220
-0.032096
-0.025985
0.011466
-0.032714
-0.024089
0.000773
0.032793
-0.016969
-0.030100
-0.028416
0.008993
-0.006778
0.036153
-0.023664
0.006965
-0.001858
-0.003255
-0.002277
-0.015960
-0.017299
-0.024892
0.029644
0.009414
-0.007725
-0.007427
-0.004341
0.030412
0.029945
-0.007649
0.001853
-0.000835
0.000255
-0.024132
0.010631
0.007541
-0.008221
0.011404
0.000334
-0.025190
-0.018696
0.011918
0.023802
0.014526
0.008071
0.000138
-0.018509
0.006214
-0.003117
0.019214
-0.009747
0.019583
-0.005677
-0.020102
-0.011003
-0.013403
-0.027529
-0.015344
-0.022991
0.002416
0.017008
-0.021138
0.001581
0.017263
-0.005270
0.012212
-0.015196
-0.013491
43.281841
43.323364
43.299545
43.303146
43.295280
10.582037
1.642837
1.668518
1.688649
1.664328
40.627132
43.320366
43.278374
43.299820
43.147636
41.649311
41.616325
41.625553
41.635906
41.749641
43.273602
43.316307
42.476944
41.627220
41.631779
41.632797
41.644482
42.412697
43.308399
43.292675
43.316410
35.531223
1.682980
1.682891
1.662101
1.640036
15.679568
42.791397
41.616608
17.250242
0.019093
-0.006885
0.012020
-0.000755
30.659946
41.648579
41.648552
41.611038
41.599300
41.609623
42.763863
43.278069
43.291100
43.304771
27.222822
1.653205
1.142910
-0.018124
-0.018513
0.014679
-0.023672
-0.000331
0.008469
-0.004083
0.019169
0.753366
1.675954
40.679176
43.283562
43.292561
43.311893
43.302654
43.285675
27.196283
1.667065
1.200564
-0.000567
-0.022607
-0.001639
0.003898
0.445698
1.671916
32.312290
43.323280
43.273296
43.294193
43.273094
41.794796
41.652679
41.631191
41.629089
41.669010
25.543230
0.002724
-0.009909
0.015195
0.009903
22.340971
41.633816
41.630074
41.631824
41.607487
41.634502
41.619274
0.565026
0.003341
0.006600
1.116633
1.644125
1.668352
1.665062
1.636309
1.676878
1.688804
1.661365
1.651948
1.601435
0.012844
0.008133
-0.000771
-0.030798
0.002387
-0.006597
-0.034772
38.997108
41.618328
41.615257
41.609848
41.660984
41.654240
41.645084
41.657970
41.666893
41.604752
17.187941
-0.009599
-0.026739
0.014176
-0.011826
-0.006005
0.019137
-0.010154
0.006914
-0.007376
0.015259
0.004888
0.021181
0.036642
-0.022267
0.029314
-0.004128
-0.013065
-0.008299
0.029274
-0.007837
-0.003187
0.012767
0.012586
0.011827
-0.001086
-0.008006
-0.017921
0.022050
-0.015945
-0.008001
-0.010374
-0.025544
0.005260
0.003802
0.002630
-0.000744
-0.017060
-0.007524
0.006170
0.015564
-0.032265
0.011058
-0.003255
-0.035622
0.028790
-0.013941
0.000249
-0.024275
-0.022240
-0.010477
0.007888
0.014573
0.002291
-0.019526
0.026399
0.001204
-0.027532
0.008479
-0.016746
-0.003477
0.000478
-0.027120
0.010979
0.005739
0.016683
0.013609
0.004994
-0.000377
0.006085
0.011164
0.015187
0.013820
-0.017778
-0.028068
0.018197
-0.028988
-0.002010
-0.021554
-0.013263
-0.024250
0.007970
-0.005376
-0.009677
0.010260
0.015098
-0.023278
0.011465
0.027567
-0.014799
-0.005281
-0.015910
-0.014321
0.007599
-0.004931
0.031418
-0.015718
0.008678
-0.003588
-0.016095
0.014763
0.007576
-0.000909
-0.011418
-0.010202
0.011023
-0.033220
43.299042
43.307243
43.283455
43.285774
43.322994
10.550112
1.645561
1.638477
1.626847
1.660660
40.647598
43.313148
43.323067
43.315239
43.115555
41.603764
41.637527
41.652077
41.638836
41.789787
43.299747
43.310902
42.471088
41.660263
41.622276
41.632935
41.659355
42.437046
43.286125
43.293770
43.321026
35.526138
1.667943
1.671414
1.639640
1.652706
15.676169
42.811665
41.639240
17.225042
-0.004310
-0.003789
-0.020403
-0.019474
30.678459
41.624077
41.624294
41.650749
41.641312
41.628284
42.763721
43.306225
43.304348
43.298763
27.204020
1.656947
1.177037
0.017938
0.009574
-0.013474
-0.026522
-0.007628
0.015229
0.018030
0.000396
0.777665
1.670736
40.657009
43.288128
43.269978
43.304523
43.323818
43.266190
27.236486
1.669505
1.199584
-0.024873
-0.004433
-0.002909
-0.018398
0.482529
1.670499
32.358150
43.293365
43.265873
43.281250
43.326923
41.821499
41.635799
41.633106
41.627640
41.609272
25.577847
0.008032
-0.007534
-0.008965
-0.000490
22.338133
41.627491
41.664246
41.646397
41.633781
41.649837
41.654354
0.551519
0.021112
0.000699
1.118820
1.640070
1.661180
1.684953
1.629086
1.668288
1.674552
1.664222
1.675934
1.654234
-0.010476
0.018821
0.035141
-0.012209
-0.028376
-0.030422
-0.021569
39.011658
41.636883
41.644306
41.614006
41.636696
41.636955
41.643414
41.608253
41.635899
41.658413
17.253300
-0.014105
0.004685
-0.006367
-0.014145
0.021365
-0.008577
0.007418
-0.012940
-0.003679
0.018579
-0.012109
-0.031136
0.012762
-0.022585
-0.012315
0.007903
0.005207
-0.000690
0.017481
-0.016362
0.018966
-0.020474
0.033104
-0.001868
0.021383
-0.004778
0.006708
-0.005201
-0.003717
-0.009720
-0.012267
-0.017821
-0.005035
0.021367
0.008034
0.016330
0.012789
0.015452
0.003389
-0.030890
-0.005969
-0.008719
-0.022026
0.006793
0.008696
0.005659
0.014696
0.013903
0.004969
-0.007823
-0.002459
-0.016066
0.011703
-0.009356
0.022067
-0.006914
0.025866
-0.011226
-0.012115
0.022149
-0.020946
0.015618
0.004328
-0.025981
-0.003015
0.012362
-0.009651
-0.030226
-0.012186
-0.006262
-0.021116
-0.018155
-0.014981
-0.003142
-0.011362
-0.006285
0.002517
0.003334
0.007618
0.007486
-0.004488
0.005159
-0.008580
0.007215
-0.004197
-0.026513
0.000301
0.021669
0.002261
-0.011814
0.003818
0.021316
0.003804
0.008146
-0.004665
0.000789
-0.019492
-0.014316
0.010563
0.008321
0.019423
0.029447
-0.009834
0.004442
-0.013695
0.018804
43.336376
43.327042
43.280361
43.303997
43.294529
10.574565
1.674323
1.691117
1.648255
1.670127
40.656998
43.323387
43.286629
43.301697
43.119259
41.627052
41.619621
41.651985
41.635201
41.775795
43.276165
43.319099
42.486370
41.623337
41.624031
41.660065
41.652782
42.440384
43.327896
43.302483
43.296391
35.565266
1.696470
1.683698
1.656996
1.652778
15.672906
42.777775
41.611946
17.243187
0.011276
-0.021671
0.007990
-0.000318
30.687037
41.656174
41.626740
41.641426
41.633327
41.627106
42.740417
43.314663
43.311375
43.290752
27.215542
1.665743
1.156167
0.022904
-0.018281
0.007437
0.027163
0.019888
-0.004732
0.020243
0.000197
0.775060
1.633021
40.653538
43.291634
43.284969
43.279202
43.302910
43.303295
27.199560
1.667761
1.165284
0.010310
-0.003723
-0.006525
-0.031192
0.442067
1.683586
32.353794
43.299931
43.310951
43.288422
43.302280
41.805710
41.607933
41.620609
41.632759
41.635098
25.552870
-0.006804
0.020510
0.005865
0.022070
22.328459
41.638851
41.650314
41.611721
41.619827
41.615002
41.656796
0.540652
-0.015457
-0.031157
1.143136
1.644210
1.665708
1.696475
1.672763
1.645905
1.681725
1.634471
1.658632
1.628587
-0.024858
-0.014267
-0.018361
0.000922
-0.016339
-0.018094
-0.033410
38.968849
41.637249
41.647285
41.633755
41.627392
41.651302
41.649242
41.644276
41.636303
41.629414
17.211773
0.015439
-0.020874
0.000252
-0.000284
-0.000054
0.002571
-0.007200
0.009319
0.025085
-0.028865
0.020400
-0.019673
-0.020329
-0.004458
0.006060
0.001310
0.036464
-0.010279
-0.016784
-0.036946
0.006579
-0.014367
-0.024492
0.005507
0.018191
-0.008018
0.019918
-0.012363
-0.006545
-0.025499
0.019046
0.008894
-0.006374
-0.020702
-0.031391
-0.006428
0.021868
0.001410
0.002892
0.006954
0.012545
-0.016708
0.027281
-0.007785
-0.021166
-0.006659
-0.006475
0.015298
-0.016937
0.016742
-0.021648
-0.010358
-0.037625
-0.006140
-0.004852
0.020566
-0.014158
-0.024934
0.008202
0.019296
-0.010434
-0.012752
-0.011810
-0.016807
-0.033454
-0.003201
0.016765
0.028415
-0.001791
-0.020343
-0.004632
0.010754
0.002949
0.022649
0.002969
-0.018217
0.015991
-0.003506
-0.002919
-0.000947
-0.026764
0.015433
-0.011305
-0.024389
0.009293
-0.016157
-0.003824
-0.004866
-0.001091
0.004379
0.014431
-0.011525
-0.008373
0.002620
0.011668
-0.001827
-0.000580
-0.011567
-0.013412
-0.002372
0.008090
0.021956
0.008382
0.011039
0.004606
0.011351
43.291042
43.318817
43.266064
43.288124
43.277874
10.537996
1.668727
1.671736
1.660083
1.678019
40.687973
43.291092
43.307983
43.289318
43.143154
41.619022
41.614403
41.623703
41.621643
41.746914
43.285271
43.284454
42.500237
41.648464
41.658691
41.622597
41.630424
42.413265
43.297024
43.298420
43.301815
35.529057
1.644185
1.674831
1.644918
1.663835
15.667471
42.800098
41.643620
17.249578
0.001491
0.000976
-0.017918
0.011254
30.657307
41.614162
41.630276
41.646473
41.643036
41.657089
42.756580
43.293468
43.266716
43.280777
27.219481
1.655746
1.188725
0.004476
0.024598
0.009123
0.004673
0.028193
0.000747
-0.014533
-0.000367
0.808461
1.689301
40.647541
43.307358
43.292919
43.279591
43.308849
43.293896
27.214045
1.685273
1.166150
-0.017220
0.017329
-0.000610
-0.009018
0.453103
1.665665
32.354778
43.306305
43.283051
43.293339
43.298656
41.850368
41.634426
41.619865
41.639107
41.639095
25.560432
0.005022
-0.010267
0.012862
0.027297
22.313961
41.639847
41.631264
41.645172
41.621216
41.641891
41.640846
0.556520
-0.011056
0.033760
1.131475
1.669664
1.656541
1.666989
1.669253
1.658815
1.653221
1.677336
1.683646
1.604999
-0.025618
0.015407
0.024540
-0.000582
0.019682
0.028806
-0.027353
39.016693
41.613369
41.660339
41.646832
41.629013
41.665356
41.643265
41.639351
41.651741
41.650326
17.230900
0.006746
0.004440
0.004297
-0.020639
-0.029287
-0.002553
-0.017041
-0.023426
-0.007130
0.012789
-0.009481
0.013125
-0.002265
-0.035098
-0.011469
0.022275
0.004320
0.008213
0.011081
0.016968
0.032917
-0.010381
0.002477
0.004917
0.023800
0.033003
0.013351
-0.011678
0.009914
-0.011153
-0.001142
-0.023340
-0.006713
0.003155
-0.003979
0.004000
0.000601
-0.021020
-0.019426
-0.006528
-0.008231
-0.028907
-0.033404
0.029504
-0.024005
-0.004872
0.011779
-0.019685
0.003341
-0.017140
-0.002718
0.036257
0.012479
-0.000241
0.001175
-0.003721
0.032762
-0.025474
-0.015399
0.002676
0.003373
-0.016541
-0.020664
-0.003340
0.026614
0.015357
0.000660
0.027215
0.034338
0.021234
-0.019314
0.026106
-0.007673
-0.012717
0.015611
0.008321
0.022411
-0.012610
-0.011364
0.025751
0.010250
-0.014082
0.022009
-0.017271
-0.014323
-0.016816
0.019008
0.018440
-0.002291
0.003609
-0.018885
0.001082
-0.012932
0.000451
-0.002257
-0.026318
-0.024191
-0.001598
0.000897
-0.029854
0.019636
0.021583
-0.003747
0.011962
-0.031134
0.011863
43.278507
43.289497
43.297478
43.307140
43.315247
10.526419
1.698229
1.662428
1.655623
1.683907
40.678005
43.309464
43.337177
43.278152
43.120758
41.614899
41.615845
41.636745
41.655354
41.734425
43.313820
43.294556
42.457718
41.651329
41.641308
41.631626
41.632908
42.423752
43.306976
43.305168
43.312817
35.526474
1.661613
1.637237
1.661350
1.678641
15.658298
42.846035
41.609116
17.235945
0.013312
-0.003493
0.026822
0.012267
30.681671
41.636501
41.627167
41.632282
41.638420
41.607689
42.729900
43.277409
43.307415
43.291584
27.206276
1.679059
1.168559
-0.006239
-0.021603
-0.001090
0.000706
0.032990
0.027949
-0.001073
0.006837
0.812094
1.677568
40.645569
43.316925
43.326683
43.303986
43.290237
43.323193
27.203184
1.667674
1.179812
0.034260
-0.003379
-0.001142
-0.002152
0.462994
1.678453
32.345577
43.276894
43.306644
43.310936
43.292561
41.813797
41.641308
41.607567
41.632317
41.642017
25.512930
-0.014563
0.006111
-0.027437
0.011344
22.358606
41.637577
41.624882
41.643585
41.643349
41.656891
41.628551
0.567790
-0.013653
-0.004870
1.114224
1.646359
1.657379
1.656603
1.655840
1.672441
1.633638
1.634511
1.680865
1.643016
-0.034542
0.016053
-0.010559
-0.021806
-0.026459
-0.003375
-0.016080
38.990971
41.637566
41.631313
41.645153
41.617851
41.634064
41.635201
41.626606
41.642578
41.657265
17.245861
-0.031148
0.008781
-0.019373
0.004217
-0.008251
0.014615
-0.002571
0.024198
-0.016335
0.007675
0.035318
0.001139
-0.009361
0.000776
-0.022809
0.020080
-0.021030
-0.009268
0.016704
0.002890
-0.010290
-0.020560
-0.000626
0.000033
0.002463
-0.001395
0.000403
-0.005762
0.006353
-0.017163
-0.020265
0.015205
-0.008382
0.000363
-0.020578
-0.016632
0.014978
0.016851
-0.032434
-0.001357
0.024527
0.002884
-0.000218
0.015165
-0.036340
-0.023027
-0.004755
-0.017370
0.007705
0.011949
-0.014480
-0.002584
0.031389
-0.015106
-0.002552
-0.006147
-0.016501
-0.002149
0.028091
-0.010148
0.020688
-0.032174
-0.034942
0.012307
0.008189
-0.015520
-0.004326
0.023167
0.001331
0.003240
0.021809
0.025858
0.006124
-0.018409
0.001024
0.009784
-0.001436
-0.003731
-0.007586
0.006269
0.008218
-0.022066
0.003685
-0.000393
0.002828
0.001134
-0.006540
-0.013672
-0.001015
-0.018450
-0.023820
0.019673
-0.010623
-0.018762
-0.008020
-0.002434
0.005718
-0.012346
0.020732
0.007049
0.030894
0.002542
-0.007093
-0.002982
0.024133
-0.006069
