0.883053
1.655172
13.719100
43.308701
43.310623
20.830036
1.420850
0.029299
-0.021720
-0.015938
0.016508
0.211579
1.661612
1.646635
38.693714
43.320976
43.318851
43.311726
42.057961
41.625046
27.517160
-0.009974
-0.026526
0.019261
-0.024375
20.338419
41.609791
41.633148
41.661072
41.611382
41.836464
43.292809
4.216081
0.731651
0.005051
0.020722
-0.017294
0.003328
0.010022
0.000985
-0.012610
0.026529
1.210609
1.689003
21.792747
41.613976
41.643200
10.901919
-0.007367
0.006940
0.020605
-0.015410
-0.003034
-0.005921
0.003851
3.719312
41.606934
41.613644
27.536104
-0.001671
-0.004651
1.210573
1.696298
1.667065
1.640992
1.661350
1.647788
1.663698
1.664678
1.657809
1.664683
0.745904
-0.019052
0.004509
3.720931
41.625561
41.618484
41.657486
41.655956
41.611122
41.624428
41.636559
41.635712
41.661392
41.630642
10.876245
-0.000854
0.007898
-0.016472
0.010046
0.006227
0.560896
1.676614
1.662525
0.407080
0.030824
-0.002907
0.006949
-0.008868
1.205770
1.664758
1.655815
1.690449
1.685705
1.660324
30.351898
43.311264
43.278809
4.231435
1.657544
1.660253
1.636977
5.365908
43.295963
43.298370
43.289909
43.257347
4.890440
-0.000424
0.025984
-0.030667
36.073551
41.639698
41.657394
41.639774
41.662251
41.648220
41.636868
41.629200
42.181370
43.298641
43.293961
42.056301
41.622307
27.503246
-0.006130
-0.011185
1.238469
1.637841
1.435384
-0.014768
0.011312
-0.013603
28.668268
41.603886
41.621376
2.556833
0.011502
0.025825
0.012361
3.704127
41.629997
41.612999
27.527552
0.017715
-0.016900
-0.010239
-0.008904
-0.014870
0.024124
-0.004392
0.025540
-0.020147
-0.007455
0.013008
-0.002104
0.026414
0.001822
0.028975
0.000865
0.014633
-0.025793
-0.027823
0.001030
-0.004686
-0.018777
-0.012432
0.008099
0.032725
0.013393
-0.019540
-0.009789
0.008551
-0.001376
-0.007441
-0.013734
-0.018276
0.022320
-0.022639
0.006855
0.006444
0.012969
-0.007605
-0.013704
-0.034486
0.005403
0.024193
0.031929
0.007226
0.013168
0.032794
0.021859
0.027374
0.004971
0.022889
-0.017312
-0.013806
0.010457
0.030787
-0.021081
0.023849
-0.028752
0.009130
-0.007600
0.009872
0.001689
-0.021334
-0.008404
-0.015991
-0.003973
-0.001549
-0.009547
0.008997
0.030846
-0.023251
0.014511
-0.003751
0.000942
0.006440
0.003474
0.014109
-0.000767
-0.014667
0.001483
0.004205
-0.031778
-0.015828
-0.009601
0.018679
-0.025041
0.009318
0.002528
-0.013793
12.012008
41.629765
42.581844
20.528585
1.283681
1.297760
1.314232
1.319708
0.844530
-0.005401
-0.021381
0.016971
37.025742
42.054871
42.918137
42.957207
42.944489
42.961617
28.861687
1.308889
1.312113
1.297968
1.313094
21.680733
42.956974
42.938328
42.933849
42.931934
42.947647
42.936375
3.867670
1.331259
1.296472
1.319383
1.311397
0.334339
-0.003028
0.005457
-0.030397
0.023097
0.950998
1.298308
21.480885
41.646236
41.656185
10.884809
0.023693
0.145804
1.300067
1.320178
1.329810
1.342094
1.308060
5.039538
42.947174
42.954948
28.851427
1.301271
0.069386
0.018863
0.022642
0.010260
0.000037
-0.030972
-0.020442
0.001348
0.009009
0.016530
0.006805
0.018611
0.426525
1.316946
5.023560
42.944614
42.923183
42.933105
42.957901
41.709141
41.643940
41.637798
41.606884
41.623665
41.629807
10.841547
0.011562
0.162106
1.330139
1.337786
1.298498
1.327180
1.316650
1.321140
1.297440
1.316686
1.330168
1.316998
0.080293
-0.010909
-0.016559
-0.025248
0.007703
1.196020
1.291699
29.971781
42.927681
42.944798
3.856854
0.592133
0.001835
0.011826
3.705345
41.648720
41.635490
41.668507
41.658745
4.903371
-0.009101
0.003962
-0.000082
36.127064
41.615891
41.641315
41.625202
41.643246
41.647919
41.645283
41.610157
42.082760
42.944458
42.943684
42.940704
42.952160
28.857117
1.287481
1.291863
1.314678
1.327358
1.104915
0.000334
0.019107
-0.003677
28.686199
41.627827
41.631813
2.536758
-0.023099
0.009197
-0.016391
3.727504
41.643948
41.637753
27.527119
-0.024403
-0.006715
0.010328
-0.011321
0.003733
-0.014351
0.009709
0.003271
-0.015588
0.005492
0.010512
0.006243
0.022887
-0.007711
-0.029165
0.000160
0.016786
0.011169
0.019267
-0.026891
0.010207
-0.027741
-0.029911
0.002917
-0.010841
-0.020714
-0.013474
0.010022
-0.011599
-0.010554
0.011940
0.003998
0.022732
0.022267
-0.007323
-0.013536
0.007917
0.002386
0.029736
-0.007671
0.007878
0.000248
-0.001428
-0.009235
-0.007463
0.009407
-0.009076
-0.030677
-0.019424
0.010191
-0.017567
-0.009217
-0.017550
-0.007479
-0.006300
0.011609
-0.028193
-0.019774
-0.018369
0.000208
0.009672
-0.006429
0.004205
-0.007596
0.015838
-0.003118
0.018868
0.023755
-0.000732
0.008603
-0.023916
0.007146
0.008851
0.014656
-0.002089
0.001389
-0.015938
-0.011165
0.010712
0.004638
-0.000974
-0.006855
-0.004579
-0.018524
0.025666
-0.010880
-0.006915
-0.002527
0.009346
0.756229
2.701631
3.890349
2.918505
1.665277
1.674813
1.647516
1.662160
21.409225
29.511820
29.501978
1.801922
2.427843
3.251168
4.335086
6.992452
33.874374
33.880417
32.977623
31.159262
31.147179
31.194653
15.298997
2.998677
4.390082
4.379773
4.365999
24.708239
33.876797
33.907413
31.313782
31.187565
31.201143
31.167557
31.195852
29.924168
29.515589
29.516586
29.538406
29.505878
30.731861
31.159836
32.249638
32.212379
32.205578
30.218563
29.507051
29.714071
31.185043
3.451987
1.656101
1.660947
1.676504
4.554504
33.881828
33.867134
22.952444
1.672596
0.099569
0.001616
0.005336
14.417033
29.525789
29.503088
29.533087
29.514311
29.498787
29.504734
29.486958
29.493252
30.048697
27.072983
1.925933
4.370904
4.335375
4.346845
4.339481
2.806950
2.684235
2.693800
2.700887
2.716945
2.691357
0.716095
20.325415
29.751238
31.133236
31.160091
31.174490
31.180948
27.063816
1.635885
1.665930
1.679616
1.675033
1.655077
0.078450
0.006488
0.032480
14.437667
29.539740
31.039217
31.180487
33.048019
33.870056
33.852470
31.369673
30.272083
29.536274
25.423452
0.241490
2.693221
2.734349
2.732121
11.230629
3.770761
0.026125
0.005224
-0.020180
27.925531
32.226730
10.422098
2.709728
2.685331
2.694370
2.681370
2.717017
3.262984
4.351249
4.372888
4.393968
4.347049
3.451757
1.663173
1.660715
1.662923
1.684361
1.417016
-0.029553
0.013304
0.011847
22.163036
32.170464
32.210136
29.668547
29.505835
29.493248
29.529448
29.751787
32.217014
32.186680
21.278917
-0.016678
0.024569
0.007343
0.013743
0.001989
-0.019591
0.030758
-0.014103
0.025956
0.017385
0.005605
-0.013287
0.017167
0.002929
0.026245
-0.001863
-0.002628
0.036692
-0.028559
0.009220
-0.032096
-0.025985
0.011466
-0.032714
-0.024089
0.000773
0.032793
-0.016969
-0.030100
-0.028416
0.008993
-0.006778
0.036153
-0.023664
0.006965
-0.001858
-0.003255
-0.002277
-0.015960
-0.017299
-0.024892
0.029644
0.009414
-0.007725
-0.007427
-0.004341
0.030412
0.029945
-0.007649
0.001853
-0.000835
0.000255
-0.024132
0.010631
0.007541
-0.008221
0.011404
0.000334
-0.025190
-0.018696
0.011918
0.023802
0.014526
0.008071
0.000138
-0.018509
0.006214
-0.003117
0.019214
-0.009747
0.019583
-0.005677
-0.020102
-0.011003
-0.013403
-0.027529
-0.015344
-0.022991
0.002416
0.017008
-0.021138
0.001581
0.017263
-0.005270
0.012212
-0.015196
-0.013491
-0.016384
0.025138
0.001318
0.004920
1.204437
1.688511
1.642837
1.668518
1.688649
1.664328
29.748796
41.656975
41.614983
2.545960
0.001724
0.556509
1.644883
5.360515
43.299297
43.292191
43.273602
43.316307
43.294605
43.290611
20.858696
1.661352
1.673038
1.655064
1.673564
30.345400
43.316410
43.292015
43.317814
43.317722
43.296936
43.274872
43.302845
42.037518
41.616608
41.664711
41.653927
41.627949
42.854248
43.297474
43.052116
41.648579
41.648552
41.611038
41.599300
41.818970
43.308388
4.187282
1.656262
1.669935
1.675619
5.359926
43.262733
43.280102
29.170080
1.678070
0.068183
-0.000331
0.008469
20.356316
41.654003
41.602013
41.647396
41.658623
41.620171
41.629169
41.648502
41.639263
42.164307
37.501122
1.667065
1.685550
1.662823
1.640784
1.661752
0.095753
-0.007816
0.008526
-0.016258
0.025056
-0.024930
-0.004030
28.662031
41.823757
43.316071
43.294582
43.292480
43.332401
37.511459
1.666115
1.653481
1.678586
1.673294
1.666044
0.090839
-0.004762
-0.003010
20.332973
41.634502
43.159336
43.296566
43.301567
43.304825
43.296001
43.278957
42.397018
41.636505
35.824959
0.013487
0.025413
-0.002026
-0.011443
12.014864
4.903997
0.008133
-0.000771
-0.030798
36.110138
41.628235
10.836750
0.005111
-0.016507
-0.019576
-0.024986
0.026147
0.561426
1.673643
1.686527
1.695451
1.633311
1.630967
1.653792
1.636652
1.677567
1.651565
1.416568
0.019137
-0.010154
0.006914
28.679785
41.650093
41.639721
41.656017
41.671474
41.612568
41.664146
41.630707
41.621769
41.626534
27.554476
-0.007837
-0.003187
0.012767
0.012586
0.011827
-0.001086
-0.008006
-0.017921
0.022050
-0.015945
-0.008001
-0.010374
-0.025544
0.005260
0.003802
0.002630
-0.000744
-0.017060
-0.007524
0.006170
0.015564
-0.032265
0.011058
-0.003255
-0.035622
0.028790
-0.013941
0.000249
-0.024275
-0.022240
-0.010477
0.007888
0.014573
0.002291
-0.019526
0.026399
0.001204
-0.027532
0.008479
-0.016746
-0.003477
0.000478
-0.027120
0.010979
0.005739
0.016683
0.013609
0.004994
-0.000377
0.006085
0.011164
0.015187
0.013820
-0.017778
-0.028068
0.018197
-0.028988
-0.002010
-0.021554
-0.013263
-0.024250
0.007970
-0.005376
-0.009677
0.010260
0.015098
-0.023278
0.011465
0.027567
-0.014799
-0.005281
-0.015910
-0.014321
0.007599
-0.004931
0.031418
-0.015718
0.008678
-0.003588
-0.016095
0.014763
0.007576
-0.000909
-0.011418
-0.010202
0.011023
-0.033220
0.000810
0.009013
-0.014774
-0.012453
1.232144
1.656587
1.645561
1.638477
1.626847
1.660660
29.769272
41.649761
41.659679
2.561376
-0.030360
0.510961
1.666080
5.387033
43.302231
43.332340
43.299751
43.310905
43.288754
43.323658
20.849194
1.661486
1.687907
1.679408
1.651284
30.346493
43.321030
43.286934
43.302784
43.306255
43.274483
43.287548
43.299454
42.057789
41.639244
41.639519
41.630531
41.631050
42.821831
43.278763
43.070637
41.624081
41.624298
41.650753
41.641315
41.837635
43.308250
4.215435
1.669511
1.663928
1.656812
5.363668
43.296864
43.316174
29.198174
1.649916
0.065333
-0.007628
0.015229
20.378433
41.635239
41.626320
41.642189
41.636459
41.624741
41.606590
41.641136
41.660431
42.144825
37.541328
1.669505
1.684571
1.638517
1.658958
1.660481
0.073457
0.029015
0.007108
0.029599
-0.004864
-0.032355
-0.016979
28.715860
41.850464
43.299194
43.296501
43.291035
43.272667
37.546078
1.671422
1.655857
1.654426
1.662901
1.663202
0.084507
0.029409
0.011560
20.359268
41.649841
43.194420
43.283066
43.319344
43.298935
43.298195
43.274910
42.389858
41.656403
35.817741
0.004898
0.011161
0.000831
0.012543
12.067666
4.880678
0.018821
0.035141
-0.012209
36.079384
41.604420
10.849956
0.019656
0.002045
0.009466
-0.020834
0.001857
0.544136
1.671966
1.636807
1.664452
1.686963
1.696325
1.649286
1.668075
1.657024
1.649246
1.443937
-0.008577
0.007418
-0.012940
28.683489
41.653419
41.622734
41.603706
41.647606
41.612255
41.622528
41.642746
41.640049
41.634151
27.542688
-0.016362
0.018966
-0.020474
0.033104
-0.001868
0.021383
-0.004778
0.006708
-0.005201
-0.003717
-0.009720
-0.012267
-0.017821
-0.005035
0.021367
0.008034
0.016330
0.012789
0.015452
0.003389
-0.030890
-0.005969
-0.008719
-0.022026
0.006793
0.008696
0.005659
0.014696
0.013903
0.004969
-0.007823
-0.002459
-0.016066
0.011703
-0.009356
0.022067
-0.006914
0.025866
-0.011226
-0.012115
0.022149
-0.020946
0.015618
0.004328
-0.025981
-0.003015
0.012362
-0.009651
-0.030226
-0.012186
-0.006262
-0.021116
-0.018155
-0.014981
-0.003142
-0.011362
-0.006285
0.002517
0.003334
0.007618
0.007486
-0.004488
0.005159
-0.008580
0.007215
-0.004197
-0.026513
0.000301
0.021669
0.002261
-0.011814
0.003818
0.021316
0.003804
0.008146
-0.004665
0.000789
-0.019492
-0.014316
0.010563
0.008321
0.019423
0.029447
-0.009834
0.004442
-0.013695
0.018804
0.038157
0.028822
-0.017862
0.005775
1.203687
1.681041
1.674324
1.691118
1.648256
1.670127
29.778669
41.659996
41.623238
2.547840
-0.026648
0.534259
1.648181
5.386949
43.298592
43.318344
43.276165
43.319099
43.304031
43.286728
20.850950
1.688623
1.681345
1.682756
1.693064
30.355206
43.296391
43.326054
43.331303
43.318531
43.291828
43.287609
43.296181
42.023899
41.611946
41.657654
41.646107
41.613159
42.850212
43.297905
43.079208
41.656174
41.626740
41.641426
41.633327
41.836452
43.284943
4.223880
1.676545
1.655921
1.668340
5.372464
43.275986
43.321125
29.170307
1.670828
0.119018
0.019888
-0.004732
20.380642
41.635029
41.623707
41.604462
41.632984
41.628242
41.621578
41.615810
41.639519
42.181927
37.504402
1.667761
1.650270
1.673701
1.659667
1.656866
0.060663
-0.011447
0.020196
0.025250
0.001708
0.012727
-0.009800
28.691221
41.834671
43.271324
43.284000
43.296150
43.298489
37.521099
1.656587
1.683901
1.669255
1.685461
1.653532
0.095875
0.015483
-0.023112
20.345318
41.615002
43.196857
43.272190
43.282764
43.267063
43.322498
43.279045
42.394375
41.667915
35.861412
-0.017485
0.018335
-0.028919
-0.004758
12.042015
4.866294
-0.014267
-0.018361
0.000922
36.091408
41.616737
10.838111
-0.023142
0.002417
0.012454
-0.001072
-0.007442
0.558492
1.677801
1.672836
1.664863
1.657974
1.654800
1.678830
1.642516
1.663643
1.663106
1.422518
0.002571
-0.007200
0.009319
28.712244
41.605968
41.655231
41.615158
41.614498
41.630371
41.640892
41.636143
41.671295
41.624554
27.508413
-0.036946
0.006579
-0.014367
-0.024492
0.005507
0.018191
-0.008018
0.019918
-0.012363
-0.006545
-0.025499
0.019046
0.008894
-0.006374
-0.020702
-0.031391
-0.006428
0.021868
0.001410
0.002892
0.006954
0.012545
-0.016708
0.027281
-0.007785
-0.021166
-0.006659
-0.006475
0.015298
-0.016937
0.016742
-0.021648
-0.010358
-0.037625
-0.006140
-0.004852
0.020566
-0.014158
-0.024934
0.008202
0.019296
-0.010434
-0.012752
-0.011810
-0.016807
-0.033454
-0.003201
0.016765
0.028415
-0.001791
-0.020343
-0.004632
0.010754
0.002949
0.022649
0.002969
-0.018217
0.015991
-0.003506
-0.002919
-0.000947
-0.026764
0.015433
-0.011305
-0.024389
0.009293
-0.016157
-0.003824
-0.004866
-0.001091
0.004379
0.014431
-0.011525
-0.008373
0.002620
0.011668
-0.001827
-0.000580
-0.011567
-0.013412
-0.002372
0.008090
0.021956
0.008382
0.011039
0.004606
0.011351
-0.007178
0.020597
-0.032154
-0.010097
1.187031
1.644473
1.668727
1.671736
1.660083
1.678020
29.809641
41.627701
41.644592
2.535461
-0.002753
0.526228
1.642963
5.358668
43.285034
43.289463
43.285271
43.284454
43.317898
43.311855
20.885614
1.651155
1.658982
1.655635
1.662194
30.351143
43.301815
43.289845
43.279015
43.309662
43.279751
43.298664
43.290741
42.046223
41.643620
41.664043
41.636322
41.635807
42.824306
43.309475
43.049473
41.614162
41.630276
41.646473
41.643036
41.866436
43.301105
4.202689
1.631885
1.645949
1.672276
5.362467
43.308540
43.302696
29.213188
1.672514
0.096528
0.028193
0.000747
20.345863
41.634464
41.657104
41.660740
41.626987
41.643967
41.629528
41.616199
41.645458
42.172531
37.518879
1.685273
1.651137
1.646171
1.680720
1.662781
0.082838
-0.000411
0.002274
0.026232
0.008083
-0.015169
-0.004883
28.687597
41.879330
43.297817
43.283257
43.302498
43.302486
37.528660
1.668414
1.653124
1.676253
1.690688
1.639034
0.096872
-0.003566
0.010341
20.346704
41.641891
43.180908
43.288055
43.287167
43.331982
43.310837
43.304497
42.385204
41.638428
35.857903
-0.004576
-0.010170
0.013945
0.020255
12.018428
4.865535
0.015407
0.024540
-0.000582
36.127426
41.663635
10.844169
0.024704
-0.021462
0.025509
0.012000
-0.005819
0.572544
1.671825
1.667913
1.680302
1.678887
1.673928
1.670138
1.667831
1.667688
1.642753
1.393286
-0.002553
-0.017041
-0.023426
28.680029
41.647621
41.625347
41.647957
41.632565
41.599731
41.623360
41.657104
41.639153
41.643044
27.536280
0.016968
0.032917
-0.010381
0.002477
0.004917
0.023800
0.033003
0.013351
-0.011678
0.009914
-0.011153
-0.001142
-0.023340
-0.006713
0.003155
-0.003979
0.004000
0.000601
-0.021020
-0.019426
-0.006528
-0.008231
-0.028907
-0.033404
0.029504
-0.024005
-0.004872
0.011779
-0.019685
0.003341
-0.017140
-0.002718
0.036257
0.012479
-0.000241
0.001175
-0.003721
0.032762
-0.025474
-0.015399
0.002676
0.003373
-0.016541
-0.020664
-0.003340
0.026614
0.015357
0.000660
0.027215
0.034338
0.021234
-0.019314
0.026106
-0.007673
-0.012717
0.015611
0.008321
0.022411
-0.012610
-0.011364
0.025751
0.010250
-0.014082
0.022009
-0.017271
-0.014323
-0.016816
0.019008
0.018440
-0.002291
0.003609
-0.018885
0.001082
-0.012932
0.000451
-0.002257
-0.026318
-0.024191
-0.001598
0.000897
-0.029854
0.019636
0.021583
-0.003747
0.011962
-0.031134
0.011863
-0.019716
-0.008723
-0.000747
0.008920
1.224409
1.632894
1.698229
1.662428
1.655623
1.683907
29.799673
41.646072
41.673786
2.524295
-0.025151
0.522106
1.644404
5.371711
43.318745
43.276974
43.313820
43.294556
43.275379
43.314720
20.868229
1.660184
1.661470
1.666121
1.672146
30.357891
43.312817
43.287262
43.296444
43.272068
43.296181
43.313469
43.281570
42.092159
41.609116
41.650410
41.648144
41.631336
42.869045
43.310490
43.073841
41.636501
41.627167
41.632282
41.638420
41.817036
43.274426
4.186625
1.672582
1.656753
1.659073
5.385779
43.288376
43.291985
29.166986
1.662301
0.092561
0.032990
0.027949
20.359325
41.641666
41.660736
41.649006
41.625015
41.653534
41.663292
41.640594
41.626846
42.201828
37.508018
1.667674
1.664799
1.697651
1.660012
1.662249
0.089703
0.009481
0.015062
0.017034
-0.021329
0.008424
0.012717
28.681496
41.842758
43.304699
43.270958
43.295708
43.305408
37.481155
1.648828
1.669502
1.635954
1.674735
1.683679
0.094604
-0.009952
0.008751
20.368835
41.656891
43.168613
43.299324
43.284569
43.293350
43.293587
43.281189
42.386040
41.628044
35.844486
0.009050
-0.029754
-0.028880
0.017474
12.056444
4.856611
0.016053
-0.010559
-0.021806
36.081287
41.631454
10.855441
-0.001022
0.002736
-0.003517
0.010322
-0.016977
0.541250
1.663761
1.655166
1.671139
1.685825
1.688888
1.632244
1.672173
1.644018
1.667608
1.414322
0.014615
-0.002571
0.024198
28.670824
41.642506
41.670147
41.635971
41.625469
41.635605
41.612022
41.654911
41.613800
41.625565
27.541903
0.002890
-0.010290
-0.020560
-0.000626
0.000033
0.002463
-0.001395
0.000403
-0.005762
0.006353
-0.017163
-0.020265
0.015205
-0.008382
0.000363
-0.020578
-0.016632
0.014978
0.016851
-0.032434
-0.001357
0.024527
0.002884
-0.000218
0.015165
-0.036340
-0.023027
-0.004755
-0.017370
0.007705
0.011949
-0.014480
-0.002584
0.031389
-0.015106
-0.002552
-0.006147
-0.016501
-0.002149
0.028091
-0.010148
0.020688
-0.032174
-0.034942
0.012307
0.008189
-0.015520
-0.004326
0.023167
0.001331
0.003240
0.021809
0.025858
0.006124
-0.018409
0.001024
0.009784
-0.001436
-0.003731
-0.007586
0.006269
0.008218
-0.022066
0.003685
-0.000393
0.002828
0.001134
-0.006540
-0.013672
-0.001015
-0.018450
-0.023820
0.019673
-0.010623
-0.018762
-0.008020
-0.002434
0.005718
-0.012346
0.020732
0.007049
0.030894
0.002542
-0.007093
-0.002982
0.024133
-0.006069
