41.942371
17.511335
0.321336
0.309661
0.311586
0.267469
30.962704
41.963326
42.068611
42.248795
42.281239
41.972122
34.171772
0.282432
0.287715
0.022748
0.020624
0.013494
-0.001421
0.035969
0.621851
0.619920
0.293736
0.019261
-0.024375
30.643257
41.609791
41.774559
0.892106
0.275732
0.291465
0.293767
0.307513
0.273613
0.304240
0.319911
14.293453
41.850121
41.668884
17.552057
0.318096
0.357235
0.333922
0.356317
0.340478
0.309844
0.339066
0.361102
0.323338
0.042803
0.221852
0.283779
0.296154
0.293267
0.303039
14.323260
41.818890
41.613644
41.645737
41.633167
41.630188
41.638016
41.667744
41.638515
41.612438
41.774204
0.850270
0.299495
0.300475
0.516052
0.631186
0.588289
0.280136
0.303697
0.313478
0.202676
0.007673
0.353355
0.351823
0.306986
0.401866
0.631616
0.630765
0.656449
0.625696
0.634616
39.621040
42.005890
34.188278
0.340751
0.336932
0.349583
0.343928
14.341320
41.948093
41.996368
41.962635
41.972492
41.794117
41.633217
41.636204
41.627262
41.661896
41.657150
41.631771
41.636185
41.647873
42.039108
42.288727
42.228603
41.930885
41.907612
41.929901
41.931759
41.958191
17.841938
0.615938
-0.000713
-0.000424
0.025984
-0.030667
-0.034197
0.004862
0.022556
38.996937
41.662251
33.887428
0.002030
-0.005638
0.004513
0.000410
14.007209
41.631775
41.622307
17.198408
-0.006130
-0.011185
0.031079
-0.025549
0.012811
-0.014768
0.011312
-0.013603
-0.018893
-0.030954
-0.013462
0.012785
0.011502
0.025825
0.012361
-0.002514
-0.004842
-0.021836
0.002348
0.017715
-0.016900
-0.010239
-0.008904
-0.014870
0.024124
-0.004392
0.025540
-0.020147
-0.007455
0.013008
-0.002104
0.026414
0.001822
0.028975
0.000865
0.014633
-0.025793
-0.027823
0.001030
-0.004686
-0.018777
-0.012432
0.008099
0.032725
0.013393
-0.019540
-0.009789
0.008551
-0.001376
-0.007441
-0.013734
-0.018276
0.022320
-0.022639
0.006855
0.006444
0.012969
-0.007605
-0.013704
-0.034486
0.005403
0.024193
0.031929
0.007226
0.013168
0.032794
0.021859
0.027374
0.004971
0.022889
-0.017312
-0.013806
0.010457
0.030787
-0.021081
0.023849
-0.028752
0.009130
-0.007600
0.009872
0.001689
-0.021334
-0.008404
-0.015991
-0.003973
-0.001549
-0.009547
0.008997
0.030846
-0.023251
0.014511
-0.003751
0.000942
0.006440
0.003474
0.014109
-0.000767
-0.014667
0.001483
0.004205
-0.031778
-0.015828
-0.009601
0.018679
-0.025041
0.009318
33.488689
14.323943
0.810144
0.826624
0.827774
0.851833
24.856232
33.473835
33.490307
33.495785
33.472282
33.480759
27.378191
0.848666
0.766887
-0.006870
-0.026781
0.012290
-0.000430
0.077116
0.858094
0.830499
0.424893
-0.012118
0.003008
24.061190
32.666519
33.040966
1.265079
0.818708
0.834420
0.823152
0.844915
0.852869
0.818081
0.840993
11.822360
33.243649
32.651436
13.511498
-0.030397
0.023097
0.000056
-0.011778
0.000067
0.011404
0.021352
0.013287
0.023693
-0.019079
0.549414
0.841788
0.851420
0.863703
0.829670
11.843719
33.245922
32.664494
32.670605
32.645649
32.651505
32.673325
32.677105
32.664726
32.654503
33.016586
1.255708
0.833043
0.840704
0.848225
0.838500
0.850307
0.831322
0.838556
0.838529
0.588896
-0.021736
-0.011815
0.012981
0.001958
0.235863
0.834657
0.803745
0.820525
0.826665
0.801720
31.424927
32.741882
26.587681
0.027700
-0.011588
0.017094
0.006564
11.000345
32.641819
32.661064
32.674545
32.661377
32.662415
32.643555
32.637905
32.629219
32.662170
32.637535
32.636078
32.629002
32.637226
33.213772
33.488880
33.481903
33.487995
33.497990
33.484863
33.500046
33.486816
14.371410
0.833935
0.012218
-0.009101
0.003962
-0.000082
0.019311
-0.018944
0.006482
30.572035
32.662876
26.580709
0.010448
-0.024678
0.021030
-0.000461
10.988054
32.650249
32.661705
13.527873
-0.022605
-0.018223
0.004592
0.017273
-0.015503
0.000334
0.019107
-0.003677
-0.000962
-0.007008
-0.003021
-0.007290
-0.023099
0.009197
-0.016391
0.020862
0.009115
0.002920
0.001918
-0.024403
-0.006715
0.010328
-0.011321
0.003733
-0.014351
0.009709
0.003271
-0.015588
0.005492
0.010512
0.006243
0.022887
-0.007711
-0.029165
0.000160
0.016786
0.011169
0.019267
-0.026891
0.010207
-0.027741
-0.029911
0.002917
-0.010841
-0.020714
-0.013474
0.010022
-0.011599
-0.010554
0.011940
0.003998
0.022732
0.022267
-0.007323
-0.013536
0.007917
0.002386
0.029736
-0.007671
0.007878
0.000248
-0.001428
-0.009235
-0.007463
0.009407
-0.009076
-0.030677
-0.019424
0.010191
-0.017567
-0.009217
-0.017550
-0.007479
-0.006300
0.011609
-0.028193
-0.019774
-0.018369
0.000208
0.009672
-0.006429
0.004205
-0.007596
0.015838
-0.003118
0.018868
0.023755
-0.000732
0.008603
-0.023916
0.007146
0.008851
0.014656
-0.002089
0.001389
-0.015938
-0.011165
0.010712
0.004638
-0.000974
-0.006855
-0.004579
-0.018524
0.025666
-0.010880
-0.006915
42.464001
42.475876
42.441246
42.464211
42.445549
9.733508
0.833582
0.843118
0.815821
0.830464
39.814384
42.474411
42.464569
42.465424
42.414337
41.640015
41.602581
41.633453
41.637928
41.704391
42.489212
42.458458
42.037548
41.662155
41.665787
41.647827
41.657578
42.040359
42.465191
42.478390
42.472046
34.741871
0.812902
0.851929
0.865507
0.831921
14.871774
42.219734
41.646481
17.233009
0.034467
0.001938
0.020527
-0.007496
30.666069
41.639324
41.632523
41.643410
41.637947
41.635612
42.211975
42.452324
42.459240
42.464085
26.392012
0.855362
0.599750
-0.004147
-0.003902
0.009205
0.007714
0.001616
0.005336
-0.011079
0.021849
0.392241
0.860842
39.834064
42.461372
42.467323
42.449547
42.455845
42.469261
26.382442
0.853512
0.592765
-0.031966
-0.020497
-0.027860
0.011145
0.207041
0.821545
31.493792
42.479523
42.453938
42.476582
42.463192
41.762978
41.600739
41.627594
41.641994
41.648453
25.541580
-0.027505
0.002539
0.016225
0.011642
22.330004
41.621429
41.641323
41.667316
41.644444
41.670635
41.630047
0.579840
0.017616
-0.001225
0.540619
0.868815
0.842610
0.864029
0.849099
0.832460
0.820966
0.862094
0.859866
0.809347
-0.012940
0.026125
0.005224
-0.020180
-0.006716
0.018842
0.014196
38.997776
41.616215
41.625256
41.612255
41.647903
41.651852
41.618740
41.640381
41.661461
41.614540
17.221121
-0.000218
-0.002676
-0.000468
0.020970
-0.005557
-0.029553
0.013304
0.011847
-0.028789
-0.037425
0.002246
-0.000618
0.001895
-0.010693
0.025507
0.007120
0.009127
-0.021209
-0.014038
-0.016678
0.024569
0.007343
0.013743
0.001989
-0.019591
0.030758
-0.014103
0.025956
0.017385
0.005605
-0.013287
0.017167
0.002929
0.026245
-0.001863
-0.002628
0.036692
-0.028559
0.009220
-0.032096
-0.025985
0.011466
-0.032714
-0.024089
0.000773
0.032793
-0.016969
-0.030100
-0.028416
0.008993
-0.006778
0.036153
-0.023664
0.006965
-0.001858
-0.003255
-0.002277
-0.015960
-0.017299
-0.024892
0.029644
0.009414
-0.007725
-0.007427
-0.004341
0.030412
0.029945
-0.007649
0.001853
-0.000835
0.000255
-0.024132
0.010631
0.007541
-0.008221
0.011404
0.000334
-0.025190
-0.018696
0.011918
0.023802
0.014526
0.008071
0.000138
-0.018509
0.006214
-0.003117
0.019214
-0.009747
0.019583
-0.005677
-0.020102
-0.011003
-0.013403
-0.027529
-0.015344
-0.022991
0.002416
0.017008
-0.021138
0.001581
0.017263
-0.005270
0.012212
-0.015196
-0.013491
42.450146
42.491669
42.467850
42.471451
42.463585
9.750341
0.811142
0.836823
0.856954
0.832633
39.795437
42.488670
42.446678
42.468124
42.392097
41.649311
41.616325
41.625553
41.635906
41.689220
42.441906
42.484612
42.054081
41.627220
41.631779
41.632797
41.644482
42.019600
42.476704
42.460979
42.484715
34.699528
0.851285
0.851195
0.830405
0.808341
14.847873
42.202194
41.616608
17.250242
0.019093
-0.006885
0.012020
-0.000755
30.659946
41.648579
41.648552
41.611038
41.599300
41.609623
42.204430
42.446373
42.459404
42.473076
26.391127
0.821510
0.553708
-0.018124
-0.018513
0.014679
-0.023672
-0.000331
0.008469
-0.004083
0.019169
0.360272
0.844258
39.847481
42.451866
42.460865
42.480198
42.470959
42.453979
26.364588
0.835369
0.611362
-0.000567
-0.022607
-0.001639
0.003898
0.218941
0.840221
31.480597
42.491585
42.441601
42.462498
42.441399
41.704601
41.652679
41.631191
41.629089
41.669010
25.543230
0.002724
-0.009909
0.015195
0.009903
22.340971
41.633816
41.630074
41.631824
41.607487
41.634502
41.619274
0.565026
0.003341
0.006600
0.557203
0.812430
0.836656
0.833367
0.804614
0.845182
0.857109
0.829670
0.820252
0.791409
0.012844
0.008133
-0.000771
-0.030798
0.002387
-0.006597
-0.034772
38.997108
41.618328
41.615257
41.609848
41.660984
41.654240
41.645084
41.657970
41.666893
41.604752
17.187941
-0.009599
-0.026739
0.014176
-0.011826
-0.006005
0.019137
-0.010154
0.006914
-0.007376
0.015259
0.004888
0.021181
0.036642
-0.022267
0.029314
-0.004128
-0.013065
-0.008299
0.029274
-0.007837
-0.003187
0.012767
0.012586
0.011827
-0.001086
-0.008006
-0.017921
0.022050
-0.015945
-0.008001
-0.010374
-0.025544
0.005260
0.003802
0.002630
-0.000744
-0.017060
-0.007524
0.006170
0.015564
-0.032265
0.011058
-0.003255
-0.035622
0.028790
-0.013941
0.000249
-0.024275
-0.022240
-0.010477
0.007888
0.014573
0.002291
-0.019526
0.026399
0.001204
-0.027532
0.008479
-0.016746
-0.003477
0.000478
-0.027120
0.010979
0.005739
0.016683
0.013609
0.004994
-0.000377
0.006085
0.011164
0.015187
0.013820
-0.017778
-0.028068
0.018197
-0.028988
-0.002010
-0.021554
-0.013263
-0.024250
0.007970
-0.005376
-0.009677
0.010260
0.015098
-0.023278
0.011465
0.027567
-0.014799
-0.005281
-0.015910
-0.014321
0.007599
-0.004931
0.031418
-0.015718
0.008678
-0.003588
-0.016095
0.014763
0.007576
-0.000909
-0.011418
-0.010202
0.011023
-0.033220
42.467346
42.475548
42.451759
42.454079
42.491299
9.718417
0.813866
0.806782
0.795152
0.828965
39.815903
42.481453
42.491371
42.483543
42.360016
41.603764
41.637527
41.652077
41.638836
41.729366
42.468052
42.479206
42.048225
41.660263
41.622276
41.632935
41.659355
42.043949
42.454430
42.462074
42.489330
34.694443
0.836247
0.839719
0.807945
0.821011
14.844475
42.222462
41.639240
17.225042
-0.004310
-0.003789
-0.020403
-0.019474
30.678459
41.624077
41.624294
41.650749
41.641312
41.628284
42.204288
42.474529
42.472652
42.467068
26.372324
0.825252
0.587834
0.017938
0.009574
-0.013474
-0.026522
-0.007628
0.015229
0.018030
0.000396
0.384571
0.839041
39.825314
42.456432
42.438282
42.472828
42.492123
42.434494
26.404791
0.837810
0.610382
-0.024873
-0.004433
-0.002909
-0.018398
0.255772
0.838804
31.526455
42.461670
42.434177
42.449554
42.495228
41.731304
41.635799
41.633106
41.627640
41.609272
25.577847
0.008032
-0.007534
-0.008965
-0.000490
22.338133
41.627491
41.664246
41.646397
41.633781
41.649837
41.654354
0.551519
0.021112
0.000699
0.559390
0.808375
0.829485
0.853258
0.797390
0.836593
0.842857
0.832527
0.844239
0.844208
-0.010476
0.018821
0.035141
-0.012209
-0.028376
-0.030422
-0.021569
39.011658
41.636883
41.644306
41.614006
41.636696
41.636955
41.643414
41.608253
41.635899
41.658413
17.253300
-0.014105
0.004685
-0.006367
-0.014145
0.021365
-0.008577
0.007418
-0.012940
-0.003679
0.018579
-0.012109
-0.031136
0.012762
-0.022585
-0.012315
0.007903
0.005207
-0.000690
0.017481
-0.016362
0.018966
-0.020474
0.033104
-0.001868
0.021383
-0.004778
0.006708
-0.005201
-0.003717
-0.009720
-0.012267
-0.017821
-0.005035
0.021367
0.008034
0.016330
0.012789
0.015452
0.003389
-0.030890
-0.005969
-0.008719
-0.022026
0.006793
0.008696
0.005659
0.014696
0.013903
0.004969
-0.007823
-0.002459
-0.016066
0.011703
-0.009356
0.022067
-0.006914
0.025866
-0.011226
-0.012115
0.022149
-0.020946
0.015618
0.004328
-0.025981
-0.003015
0.012362
-0.009651
-0.030226
-0.012186
-0.006262
-0.021116
-0.018155
-0.014981
-0.003142
-0.011362
-0.006285
0.002517
0.003334
0.007618
0.007486
-0.004488
0.005159
-0.008580
0.007215
-0.004197
-0.026513
0.000301
0.021669
0.002261
-0.011814
0.003818
0.021316
0.003804
0.008146
-0.004665
0.000789
-0.019492
-0.014316
0.010563
0.008321
0.019423
0.029447
-0.009834
0.004442
-0.013695
0.018804
42.504681
42.495346
42.448666
42.472301
42.462833
9.742869
0.842629
0.859422
0.816560
0.838432
39.825302
42.491692
42.454933
42.470001
42.363720
41.627052
41.619621
41.651985
41.635201
41.715374
42.444469
42.487404
42.063507
41.623337
41.624031
41.660065
41.652782
42.047287
42.496201
42.470787
42.464695
34.733570
0.864776
0.852003
0.825301
0.821083
14.841210
42.188576
41.611946
17.243187
0.011276
-0.021671
0.007990
-0.000318
30.687037
41.656174
41.626740
41.641426
41.633327
41.627106
42.180984
42.482967
42.479679
42.459057
26.383848
0.834048
0.566965
0.022904
-0.018281
0.007437
0.027163
0.019888
-0.004732
0.020243
0.000197
0.381967
0.801326
39.821842
42.459938
42.453274
42.447506
42.471214
42.471600
26.367867
0.836066
0.576082
0.010310
-0.003723
-0.006525
-0.031192
0.215310
0.851891
31.522102
42.468235
42.479256
42.456726
42.470585
41.715515
41.607933
41.620609
41.632759
41.635098
25.552870
-0.006804
0.020510
0.005865
0.022070
22.328459
41.638851
41.650314
41.611721
41.619827
41.615002
41.656796
0.540652
-0.015457
-0.031157
0.583706
0.812515
0.834013
0.864780
0.841068
0.814210
0.850030
0.802776
0.826937
0.818561
-0.024858
-0.014267
-0.018361
0.000922
-0.016339
-0.018094
-0.033410
38.968849
41.637249
41.647285
41.633755
41.627392
41.651302
41.649242
41.644276
41.636303
41.629414
17.211773
0.015439
-0.020874
0.000252
-0.000284
-0.000054
0.002571
-0.007200
0.009319
0.025085
-0.028865
0.020400
-0.019673
-0.020329
-0.004458
0.006060
0.001310
0.036464
-0.010279
-0.016784
-0.036946
0.006579
-0.014367
-0.024492
0.005507
0.018191
-0.008018
0.019918
-0.012363
-0.006545
-0.025499
0.019046
0.008894
-0.006374
-0.020702
-0.031391
-0.006428
0.021868
0.001410
0.002892
0.006954
0.012545
-0.016708
0.027281
-0.007785
-0.021166
-0.006659
-0.006475
0.015298
-0.016937
0.016742
-0.021648
-0.010358
-0.037625
-0.006140
-0.004852
0.020566
-0.014158
-0.024934
0.008202
0.019296
-0.010434
-0.012752
-0.011810
-0.016807
-0.033454
-0.003201
0.016765
0.028415
-0.001791
-0.020343
-0.004632
0.010754
0.002949
0.022649
0.002969
-0.018217
0.015991
-0.003506
-0.002919
-0.000947
-0.026764
0.015433
-0.011305
-0.024389
0.009293
-0.016157
-0.003824
-0.004866
-0.001091
0.004379
0.014431
-0.011525
-0.008373
0.002620
0.011668
-0.001827
-0.000580
-0.011567
-0.013412
-0.002372
0.008090
0.021956
0.008382
0.011039
0.004606
0.011351
42.459347
42.487122
42.434368
42.456429
42.446178
9.706301
0.837031
0.840040
0.828388
0.846324
39.856277
42.459396
42.476288
42.457623
42.387615
41.619022
41.614403
41.623703
41.621643
41.686493
42.453575
42.452759
42.077374
41.648464
41.658691
41.622597
41.630424
42.020168
42.465328
42.466724
42.470119
34.697361
0.812489
0.843136
0.813223
0.832139
14.835775
42.210896
41.643620
17.249578
0.001491
0.000976
-0.017918
0.011254
30.657307
41.614162
41.630276
41.646473
41.643036
41.657089
42.197147
42.461773
42.435020
42.449081
26.387785
0.824050
0.599523
0.004476
0.024598
0.009123
0.004673
0.028193
0.000747
-0.014533
-0.000367
0.415368
0.857606
39.815845
42.475662
42.461224
42.447895
42.477154
42.462200
26.382349
0.853578
0.576948
-0.017220
0.017329
-0.000610
-0.009018
0.226346
0.833969
31.523083
42.474609
42.451355
42.461643
42.466961
41.760174
41.634426
41.619865
41.639107
41.639095
25.560432
0.005022
-0.010267
0.012862
0.027297
22.313961
41.639847
41.631264
41.645172
41.621216
41.641891
41.640846
0.556520
-0.011056
0.033760
0.572045
0.837968
0.824846
0.835293
0.837557
0.827119
0.821525
0.845640
0.851950
0.794973
-0.025618
0.015407
0.024540
-0.000582
0.019682
0.028806
-0.027353
39.016693
41.613369
41.660339
41.646832
41.629013
41.665356
41.643265
41.639351
41.651741
41.650326
17.230900
0.006746
0.004440
0.004297
-0.020639
-0.029287
-0.002553
-0.017041
-0.023426
-0.007130
0.012789
-0.009481
0.013125
-0.002265
-0.035098
-0.011469
0.022275
0.004320
0.008213
0.011081
0.016968
0.032917
-0.010381
0.002477
0.004917
0.023800
0.033003
0.013351
-0.011678
0.009914
-0.011153
-0.001142
-0.023340
-0.006713
0.003155
-0.003979
0.004000
0.000601
-0.021020
-0.019426
-0.006528
-0.008231
-0.028907
-0.033404
0.029504
-0.024005
-0.004872
0.011779
-0.019685
0.003341
-0.017140
-0.002718
0.036257
0.012479
-0.000241
0.001175
-0.003721
0.032762
-0.025474
-0.015399
0.002676
0.003373
-0.016541
-0.020664
-0.003340
0.026614
0.015357
0.000660
0.027215
0.034338
0.021234
-0.019314
0.026106
-0.007673
-0.012717
0.015611
0.008321
0.022411
-0.012610
-0.011364
0.025751
0.010250
-0.014082
0.022009
-0.017271
-0.014323
-0.016816
0.019008
0.018440
-0.002291
0.003609
-0.018885
0.001082
-0.012932
0.000451
-0.002257
-0.026318
-0.024191
-0.001598
0.000897
-0.029854
0.019636
0.021583
-0.003747
0.011962
-0.031134
0.011863
42.446812
42.457802
42.465782
42.475445
42.483551
9.694723
0.866534
0.830733
0.823928
0.852211
39.846310
42.477768
42.505482
42.446457
42.365219
41.614899
41.615845
41.636745
41.655354
41.674004
42.482124
42.462860
42.034855
41.651329
41.641308
41.631626
41.632908
42.030655
42.475281
42.473473
42.481121
34.694778
0.829917
0.805542
0.829654
0.846945
14.826602
42.256832
41.609116
17.235945
0.013312
-0.003493
0.026822
0.012267
30.681671
41.636501
41.627167
41.632282
41.638420
41.607689
42.170467
42.445713
42.475719
42.459888
26.374580
0.847363
0.579357
-0.006239
-0.021603
-0.001090
0.000706
0.032990
0.027949
-0.001073
0.006837
0.419001
0.845873
39.813873
42.485229
42.494987
42.472290
42.458542
42.491497
26.371489
0.835979
0.590610
0.034260
-0.003379
-0.001142
-0.002152
0.236237
0.846758
31.513885
42.445198
42.474949
42.479240
42.460865
41.723602
41.641308
41.607567
41.632317
41.642017
25.512930
-0.014563
0.006111
-0.027437
0.011344
22.358606
41.637577
41.624882
41.643585
41.643349
41.656891
41.628551
0.567790
-0.013653
-0.004870
0.554794
0.814664
0.825683
0.824908
0.824144
0.840746
0.801942
0.802815
0.849170
0.832989
-0.034542
0.016053
-0.010559
-0.021806
-0.026459
-0.003375
-0.016080
38.990971
41.637566
41.631313
41.645153
41.617851
41.634064
41.635201
41.626606
41.642578
41.657265
17.245861
-0.031148
0.008781
-0.019373
0.004217
-0.008251
0.014615
-0.002571
0.024198
-0.016335
0.007675
0.035318
0.001139
-0.009361
0.000776
-0.022809
0.020080
-0.021030
-0.009268
0.016704
0.002890
-0.010290
-0.020560
-0.000626
0.000033
0.002463
-0.001395
0.000403
-0.005762
0.006353
-0.017163
-0.020265
0.015205
-0.008382
0.000363
-0.020578
-0.016632
0.014978
0.016851
-0.032434
-0.001357
0.024527
0.002884
-0.000218
0.015165
-0.036340
-0.023027
-0.004755
-0.017370
0.007705
0.011949
-0.014480
-0.002584
0.031389
-0.015106
-0.002552
-0.006147
-0.016501
-0.002149
0.028091
-0.010148
0.020688
-0.032174
-0.034942
0.012307
0.008189
-0.015520
-0.004326
0.023167
0.001331
0.003240
0.021809
0.025858
0.006124
-0.018409
0.001024
0.009784
-0.001436
-0.003731
-0.007586
0.006269
0.008218
-0.022066
0.003685
-0.000393
0.002828
0.001134
-0.006540
-0.013672
-0.001015
-0.018450
-0.023820
0.019673
-0.010623
-0.018762
-0.008020
-0.002434
0.005718
-0.012346
0.020732
0.007049
0.030894
0.002542
-0.007093
-0.002982
0.024133
-0.006069
