0.445699
0.823477
12.887404
42.477005
42.478928
19.998341
0.709563
0.029299
-0.021720
-0.015938
0.016508
0.106905
0.829917
0.814939
37.862019
42.489281
42.487156
42.480030
41.845688
41.625046
27.517160
-0.009974
-0.026526
0.019261
-0.024375
20.338419
41.609791
41.633148
41.661072
41.611382
41.731792
42.461113
3.384386
0.353038
0.005051
0.020722
-0.017294
0.003328
0.010022
0.000985
-0.012610
0.026529
0.606913
0.857307
21.081461
41.613976
41.643200
10.901919
-0.007367
0.006940
0.020605
-0.015410
-0.003034
-0.005921
0.003851
3.719312
41.606934
41.613644
27.536104
-0.001671
-0.004651
0.606875
0.864603
0.835370
0.809297
0.829654
0.816092
0.832003
0.832982
0.826114
0.832988
0.367291
-0.019052
0.004509
3.720931
41.625561
41.618484
41.657486
41.655956
41.611122
41.624428
41.636559
41.635712
41.661392
41.630642
10.876245
-0.000854
0.007898
-0.016472
0.010046
0.006227
0.289887
0.844918
0.830830
0.194816
0.030824
-0.002907
0.006949
-0.008868
0.602075
0.833062
0.824120
0.858753
0.854010
0.828628
29.520203
42.479568
42.447113
3.399740
0.825848
0.828557
0.805281
4.534213
42.464268
42.466675
42.458214
42.447319
4.890440
-0.000424
0.025984
-0.030667
36.073551
41.639698
41.657394
41.639774
41.662251
41.648220
41.636868
41.629200
41.910358
42.466946
42.462265
41.844040
41.622307
27.503246
-0.006130
-0.011185
0.634774
0.806146
0.724097
-0.014768
0.011312
-0.013603
28.668268
41.603886
41.621376
2.556833
0.011502
0.025825
0.012361
3.704127
41.629997
41.612999
27.527552
0.017715
-0.016900
-0.010239
-0.008904
-0.014870
0.024124
-0.004392
0.025540
-0.020147
-0.007455
0.013008
-0.002104
0.026414
0.001822
0.028975
0.000865
0.014633
-0.025793
-0.027823
0.001030
-0.004686
-0.018777
-0.012432
0.008099
0.032725
0.013393
-0.019540
-0.009789
0.008551
-0.001376
-0.007441
-0.013734
-0.018276
0.022320
-0.022639
0.006855
0.006444
0.012969
-0.007605
-0.013704
-0.034486
0.005403
0.024193
0.031929
0.007226
0.013168
0.032794
0.021859
0.027374
0.004971
0.022889
-0.017312
-0.013806
0.010457
0.030787
-0.021081
0.023849
-0.028752
0.009130
-0.007600
0.009872
0.001689
-0.021334
-0.008404
-0.015991
-0.003973
-0.001549
-0.009547
0.008997
0.030846
-0.023251
0.014511
-0.003751
0.000942
0.006440
0.003474
0.014109
-0.000767
-0.014667
0.001483
0.004205
-0.031778
-0.015828
-0.009601
0.018679
-0.025041
0.009318
0.002528
-0.013793
12.012008
41.629765
42.106380
19.873543
0.628638
0.642717
0.659189
0.664665
0.415327
-0.005401
-0.021381
0.016971
37.025742
41.841415
42.263096
42.302166
42.289448
42.306576
28.206644
0.653846
0.657070
0.642925
0.658051
21.025690
42.301933
42.283287
42.278809
42.276894
42.292606
42.281334
3.212627
0.676216
0.641429
0.664340
0.656354
0.167160
-0.003028
0.005457
-0.030397
0.023097
0.475527
0.643265
20.920675
41.646236
41.656185
10.884809
0.023693
0.063363
0.645024
0.665135
0.674767
0.687051
0.653017
4.384495
42.292133
42.299908
28.196384
0.646228
0.033214
0.018863
0.022642
0.010260
0.000037
-0.030972
-0.020442
0.001348
0.009009
0.016530
0.006805
0.018611
0.213075
0.661903
4.368517
42.289574
42.268143
42.278065
42.302860
41.672966
41.643940
41.637798
41.606884
41.623665
41.629807
10.841547
0.011562
0.079666
0.675096
0.682743
0.643455
0.672137
0.661607
0.666097
0.642397
0.661643
0.675125
0.661955
0.044120
-0.010909
-0.016559
-0.025248
0.007703
0.589544
0.636656
29.316738
42.272640
42.289757
3.201811
0.293938
0.001835
0.011826
3.705345
41.648720
41.635490
41.668507
41.658745
4.903371
-0.009101
0.003962
-0.000082
36.127064
41.615891
41.641315
41.625202
41.643246
41.647919
41.645283
41.610157
41.869312
42.289417
42.288643
42.285664
42.297119
28.202074
0.632438
0.636820
0.659635
0.672315
0.544706
0.000334
0.019107
-0.003677
28.686199
41.627827
41.631813
2.536758
-0.023099
0.009197
-0.016391
3.727504
41.643948
41.637753
27.527119
-0.024403
-0.006715
0.010328
-0.011321
0.003733
-0.014351
0.009709
0.003271
-0.015588
0.005492
0.010512
0.006243
0.022887
-0.007711
-0.029165
0.000160
0.016786
0.011169
0.019267
-0.026891
0.010207
-0.027741
-0.029911
0.002917
-0.010841
-0.020714
-0.013474
0.010022
-0.011599
-0.010554
0.011940
0.003998
0.022732
0.022267
-0.007323
-0.013536
0.007917
0.002386
0.029736
-0.007671
0.007878
0.000248
-0.001428
-0.009235
-0.007463
0.009407
-0.009076
-0.030677
-0.019424
0.010191
-0.017567
-0.009217
-0.017550
-0.007479
-0.006300
0.011609
-0.028193
-0.019774
-0.018369
0.000208
0.009672
-0.006429
0.004205
-0.007596
0.015838
-0.003118
0.018868
0.023755
-0.000732
0.008603
-0.023916
0.007146
0.008851
0.014656
-0.002089
0.001389
-0.015938
-0.011165
0.010712
0.004638
-0.000974
-0.006855
-0.004579
-0.018524
0.025666
-0.010880
-0.006915
-0.002527
0.009346
0.756229
2.701631
3.286659
2.086809
0.833582
0.843118
0.815821
0.830464
20.864277
29.511820
29.501978
1.801922
2.427843
2.980151
3.503391
6.160756
33.042679
33.048721
32.145927
30.327566
30.315483
30.362957
14.467301
2.166981
3.558386
3.548078
3.534303
23.876543
33.045101
33.075718
30.482086
30.355869
30.369448
30.335861
30.364157
29.711905
29.515589
29.516586
29.538406
29.505878
30.128164
30.328140
31.538353
32.212379
32.205578
30.218563
29.507051
29.609396
30.353348
2.620292
0.824406
0.829252
0.844808
3.722808
33.050133
33.035439
22.120749
0.840900
0.053642
0.001616
0.005336
14.417033
29.525789
29.503088
29.533087
29.514311
29.498787
29.504734
29.486958
29.493252
29.777685
26.241287
1.094237
3.539209
3.503680
3.515149
3.507785
2.761022
2.684235
2.693800
2.700887
2.716945
2.691357
0.716095
20.325415
29.646566
30.301540
30.328396
30.342794
30.349253
26.232121
0.804190
0.834234
0.847920
0.843337
0.823381
0.032523
0.006488
0.032480
14.437667
29.539740
30.269184
30.348791
32.216324
33.038361
33.020775
30.537977
29.893469
29.536274
25.423452
0.241490
2.693221
2.734349
2.732121
11.230629
3.770761
0.026125
0.005224
-0.020180
27.925531
32.226730
10.422098
2.709728
2.685331
2.694370
2.681370
2.717017
2.991975
3.519553
3.541192
3.562273
3.515353
2.620061
0.831477
0.829019
0.831228
0.852666
0.705730
-0.029553
0.013304
0.011847
22.163036
32.170464
32.210136
29.668547
29.505835
29.493248
29.529448
29.751787
32.217014
32.186680
21.278917
-0.016678
0.024569
0.007343
0.013743
0.001989
-0.019591
0.030758
-0.014103
0.025956
0.017385
0.005605
-0.013287
0.017167
0.002929
0.026245
-0.001863
-0.002628
0.036692
-0.028559
0.009220
-0.032096
-0.025985
0.011466
-0.032714
-0.024089
0.000773
0.032793
-0.016969
-0.030100
-0.028416
0.008993
-0.006778
0.036153
-0.023664
0.006965
-0.001858
-0.003255
-0.002277
-0.015960
-0.017299
-0.024892
0.029644
0.009414
-0.007725
-0.007427
-0.004341
0.030412
0.029945
-0.007649
0.001853
-0.000835
0.000255
-0.024132
0.010631
0.007541
-0.008221
0.011404
0.000334
-0.025190
-0.018696
0.011918
0.023802
0.014526
0.008071
0.000138
-0.018509
0.006214
-0.003117
0.019214
-0.009747
0.019583
-0.005677
-0.020102
-0.011003
-0.013403
-0.027529
-0.015344
-0.022991
0.002416
0.017008
-0.021138
0.001581
0.017263
-0.005270
0.012212
-0.015196
-0.013491
-0.016384
0.025138
0.001318
0.004920
0.600746
0.856816
0.811142
0.836823
0.856954
0.832633
29.203848
41.656975
41.614983
2.545960
0.001724
0.285492
0.813188
4.528820
42.467602
42.460495
42.441906
42.484612
42.462910
42.458916
20.027000
0.829656
0.841343
0.823368
0.841869
29.513704
42.484715
42.460320
42.486118
42.486027
42.465240
42.443176
42.471149
41.825256
41.616608
41.664711
41.653927
41.627949
42.250549
42.465778
42.340828
41.648579
41.648552
41.611038
41.599300
41.714298
42.476692
3.355586
0.824567
0.838240
0.843924
4.528230
42.431038
42.448406
28.338385
0.846375
0.022255
-0.000331
0.008469
20.356316
41.654003
41.602013
41.647396
41.658623
41.620171
41.629169
41.648502
41.639263
41.893295
36.669426
0.835369
0.853855
0.831128
0.809089
0.830056
0.049826
-0.007816
0.008526
-0.016258
0.025056
-0.024930
-0.004030
28.662031
41.719082
42.484375
42.462887
42.460785
42.500706
36.679764
0.834419
0.821786
0.846891
0.841598
0.834349
0.044912
-0.004762
-0.003010
20.332973
41.634502
42.389305
42.464870
42.469872
42.473129
42.464306
42.447262
42.018406
41.636505
35.824959
0.013487
0.025413
-0.002026
-0.011443
12.014864
4.903997
0.008133
-0.000771
-0.030798
36.110138
41.628235
10.836750
0.005111
-0.016507
-0.019576
-0.024986
0.026147
0.290417
0.841948
0.854831
0.863756
0.801615
0.799272
0.822096
0.804956
0.845872
0.819870
0.705282
0.019137
-0.010154
0.006914
28.679785
41.650093
41.639721
41.656017
41.671474
41.612568
41.664146
41.630707
41.621769
41.626534
27.554476
-0.007837
-0.003187
0.012767
0.012586
0.011827
-0.001086
-0.008006
-0.017921
0.022050
-0.015945
-0.008001
-0.010374
-0.025544
0.005260
0.003802
0.002630
-0.000744
-0.017060
-0.007524
0.006170
0.015564
-0.032265
0.011058
-0.003255
-0.035622
0.028790
-0.013941
0.000249
-0.024275
-0.022240
-0.010477
0.007888
0.014573
0.002291
-0.019526
0.026399
0.001204
-0.027532
0.008479
-0.016746
-0.003477
0.000478
-0.027120
0.010979
0.005739
0.016683
0.013609
0.004994
-0.000377
0.006085
0.011164
0.015187
0.013820
-0.017778
-0.028068
0.018197
-0.028988
-0.002010
-0.021554
-0.013263
-0.024250
0.007970
-0.005376
-0.009677
0.010260
0.015098
-0.023278
0.011465
0.027567
-0.014799
-0.005281
-0.015910
-0.014321
0.007599
-0.004931
0.031418
-0.015718
0.008678
-0.003588
-0.016095
0.014763
0.007576
-0.000909
-0.011418
-0.010202
0.011023
-0.033220
0.000810
0.009013
-0.014774
-0.012453
0.628454
0.824891
0.813866
0.806782
0.795152
0.828965
29.224323
41.649761
41.659679
2.561376
-0.030360
0.239944
0.834385
4.555338
42.470535
42.500645
42.468056
42.479210
42.457058
42.491962
20.017498
0.829791
0.856212
0.847713
0.819588
29.514797
42.489334
42.455238
42.471088
42.474560
42.442787
42.455853
42.467758
41.845528
41.639244
41.639519
41.630531
41.631050
42.218132
42.447067
42.359348
41.624081
41.624298
41.650753
41.641315
41.732964
42.476555
3.383740
0.837816
0.832232
0.825117
4.531973
42.465168
42.484478
28.366478
0.818221
0.019405
-0.007628
0.015229
20.378433
41.635239
41.626320
41.642189
41.636459
41.624741
41.606590
41.641136
41.660431
41.873814
36.709633
0.837810
0.852875
0.806822
0.827263
0.828786
0.027530
0.029015
0.007108
0.029599
-0.004864
-0.032355
-0.016979
28.715860
41.745789
42.467499
42.464806
42.459339
42.440971
36.714382
0.839727
0.824162
0.822731
0.831205
0.831507
0.038579
0.029409
0.011560
20.359268
41.649841
42.424389
42.451370
42.487648
42.467239
42.466499
42.443214
42.011246
41.656403
35.817741
0.004898
0.011161
0.000831
0.012543
12.067666
4.880678
0.018821
0.035141
-0.012209
36.079384
41.604420
10.849956
0.019656
0.002045
0.009466
-0.020834
0.001857
0.273127
0.840270
0.805111
0.832757
0.855268
0.864630
0.817591
0.836380
0.825329
0.817551
0.732651
-0.008577
0.007418
-0.012940
28.683489
41.653419
41.622734
41.603706
41.647606
41.612255
41.622528
41.642746
41.640049
41.634151
27.542688
-0.016362
0.018966
-0.020474
0.033104
-0.001868
0.021383
-0.004778
0.006708
-0.005201
-0.003717
-0.009720
-0.012267
-0.017821
-0.005035
0.021367
0.008034
0.016330
0.012789
0.015452
0.003389
-0.030890
-0.005969
-0.008719
-0.022026
0.006793
0.008696
0.005659
0.014696
0.013903
0.004969
-0.007823
-0.002459
-0.016066
0.011703
-0.009356
0.022067
-0.006914
0.025866
-0.011226
-0.012115
0.022149
-0.020946
0.015618
0.004328
-0.025981
-0.003015
0.012362
-0.009651
-0.030226
-0.012186
-0.006262
-0.021116
-0.018155
-0.014981
-0.003142
-0.011362
-0.006285
0.002517
0.003334
0.007618
0.007486
-0.004488
0.005159
-0.008580
0.007215
-0.004197
-0.026513
0.000301
0.021669
0.002261
-0.011814
0.003818
0.021316
0.003804
0.008146
-0.004665
0.000789
-0.019492
-0.014316
0.010563
0.008321
0.019423
0.029447
-0.009834
0.004442
-0.013695
0.018804
0.038157
0.028822
-0.017862
0.005775
0.599997
0.849345
0.842629
0.859423
0.816560
0.838432
29.233721
41.659996
41.623238
2.547840
-0.026648
0.263242
0.816486
4.555254
42.466896
42.486649
42.444469
42.487404
42.472336
42.455032
20.019255
0.856928
0.849649
0.851061
0.861369
29.523510
42.464695
42.494358
42.499607
42.486835
42.460133
42.455914
42.464485
41.811638
41.611946
41.657654
41.646107
41.613159
42.246513
42.466209
42.367920
41.656174
41.626740
41.641426
41.633327
41.731781
42.453247
3.392185
0.844849
0.824226
0.836645
4.540769
42.444290
42.489429
28.338612
0.839133
0.073090
0.019888
-0.004732
20.380642
41.635029
41.623707
41.604462
41.632984
41.628242
41.621578
41.615810
41.639519
41.910915
36.672707
0.836066
0.818575
0.842005
0.827972
0.825170
0.014735
-0.011447
0.020196
0.025250
0.001708
0.012727
-0.009800
28.691221
41.729996
42.439629
42.452305
42.464455
42.466793
36.689404
0.824892
0.852206
0.837560
0.853765
0.821837
0.049947
0.015483
-0.023112
20.345318
41.615002
42.426826
42.440495
42.451069
42.435368
42.490803
42.447350
42.015762
41.667915
35.861412
-0.017485
0.018335
-0.028919
-0.004758
12.042015
4.866294
-0.014267
-0.018361
0.000922
36.091408
41.616737
10.838111
-0.023142
0.002417
0.012454
-0.001072
-0.007442
0.287483
0.846106
0.841141
0.833168
0.826278
0.823104
0.847134
0.810821
0.831947
0.831411
0.711232
0.002571
-0.007200
0.009319
28.712244
41.605968
41.655231
41.615158
41.614498
41.630371
41.640892
41.636143
41.671295
41.624554
27.508413
-0.036946
0.006579
-0.014367
-0.024492
0.005507
0.018191
-0.008018
0.019918
-0.012363
-0.006545
-0.025499
0.019046
0.008894
-0.006374
-0.020702
-0.031391
-0.006428
0.021868
0.001410
0.002892
0.006954
0.012545
-0.016708
0.027281
-0.007785
-0.021166
-0.006659
-0.006475
0.015298
-0.016937
0.016742
-0.021648
-0.010358
-0.037625
-0.006140
-0.004852
0.020566
-0.014158
-0.024934
0.008202
0.019296
-0.010434
-0.012752
-0.011810
-0.016807
-0.033454
-0.003201
0.016765
0.028415
-0.001791
-0.020343
-0.004632
0.010754
0.002949
0.022649
0.002969
-0.018217
0.015991
-0.003506
-0.002919
-0.000947
-0.026764
0.015433
-0.011305
-0.024389
0.009293
-0.016157
-0.003824
-0.004866
-0.001091
0.004379
0.014431
-0.011525
-0.008373
0.002620
0.011668
-0.001827
-0.000580
-0.011567
-0.013412
-0.002372
0.008090
0.021956
0.008382
0.011039
0.004606
0.011351
-0.007178
0.020597
-0.032154
-0.010097
0.583340
0.812777
0.837031
0.840040
0.828388
0.846324
29.264692
41.627701
41.644592
2.535461
-0.002753
0.255211
0.811267
4.526972
42.453339
42.457767
42.453575
42.452759
42.486202
42.480160
20.053919
0.819459
0.827287
0.823939
0.830498
29.519447
42.470119
42.458149
42.447319
42.477966
42.448055
42.466969
42.459045
41.833958
41.643620
41.664043
41.636322
41.635807
42.220608
42.477779
42.338188
41.614162
41.630276
41.646473
41.643036
41.761765
42.469410
3.370993
0.800189
0.814253
0.840580
4.530771
42.476845
42.471001
28.381493
0.840819
0.050601
0.028193
0.000747
20.345863
41.634464
41.657104
41.660740
41.626987
41.643967
41.629528
41.616199
41.645458
41.901516
36.687183
0.853578
0.819441
0.814475
0.849024
0.831085
0.036910
-0.000411
0.002274
0.026232
0.008083
-0.015169
-0.004883
28.687597
41.774654
42.466122
42.451561
42.470802
42.470791
36.696964
0.836718
0.821428
0.844558
0.858992
0.807338
0.050944
-0.003566
0.010341
20.346704
41.641891
42.410877
42.456360
42.455471
42.500286
42.479141
42.472801
42.006592
41.638428
35.857903
-0.004576
-0.010170
0.013945
0.020255
12.018428
4.865535
0.015407
0.024540
-0.000582
36.127426
41.663635
10.844169
0.024704
-0.021462
0.025509
0.012000
-0.005819
0.301535
0.840130
0.836217
0.848606
0.847192
0.842232
0.838442
0.836135
0.835992
0.811057
0.681999
-0.002553
-0.017041
-0.023426
28.680029
41.647621
41.625347
41.647957
41.632565
41.599731
41.623360
41.657104
41.639153
41.643044
27.536280
0.016968
0.032917
-0.010381
0.002477
0.004917
0.023800
0.033003
0.013351
-0.011678
0.009914
-0.011153
-0.001142
-0.023340
-0.006713
0.003155
-0.003979
0.004000
0.000601
-0.021020
-0.019426
-0.006528
-0.008231
-0.028907
-0.033404
0.029504
-0.024005
-0.004872
0.011779
-0.019685
0.003341
-0.017140
-0.002718
0.036257
0.012479
-0.000241
0.001175
-0.003721
0.032762
-0.025474
-0.015399
0.002676
0.003373
-0.016541
-0.020664
-0.003340
0.026614
0.015357
0.000660
0.027215
0.034338
0.021234
-0.019314
0.026106
-0.007673
-0.012717
0.015611
0.008321
0.022411
-0.012610
-0.011364
0.025751
0.010250
-0.014082
0.022009
-0.017271
-0.014323
-0.016816
0.019008
0.018440
-0.002291
0.003609
-0.018885
0.001082
-0.012932
0.000451
-0.002257
-0.026318
-0.024191
-0.001598
0.000897
-0.029854
0.019636
0.021583
-0.003747
0.011962
-0.031134
0.011863
-0.019716
-0.008723
-0.000747
0.008920
0.620718
0.801199
0.866534
0.830733
0.823928
0.852211
29.254725
41.646072
41.673786
2.524295
-0.025151
0.251088
0.812708
4.540016
42.487049
42.445278
42.482124
42.462860
42.443684
42.483025
20.036533
0.828488
0.829774
0.834425
0.840451
29.526196
42.481121
42.455566
42.464748
42.440372
42.464485
42.481773
42.449875
41.879894
41.609116
41.650410
41.648144
41.631336
42.265347
42.478794
42.362553
41.636501
41.627167
41.632282
41.638420
41.712364
42.442730
3.354930
0.840886
0.825057
0.827378
4.554084
42.456680
42.460289
28.335291
0.830605
0.046633
0.032990
0.027949
20.359325
41.641666
41.660736
41.649006
41.625015
41.653534
41.663292
41.640594
41.626846
41.930813
36.676323
0.835979
0.833103
0.865955
0.828316
0.830553
0.043775
0.009481
0.015062
0.017034
-0.021329
0.008424
0.012717
28.681496
41.738083
42.473003
42.439262
42.464012
42.473713
36.649460
0.817133
0.837807
0.804258
0.843040
0.851983
0.048676
-0.009952
0.008751
20.368835
41.656891
42.398582
42.467628
42.452873
42.461655
42.461891
42.449493
42.007427
41.628044
35.844486
0.009050
-0.029754
-0.028880
0.017474
12.056444
4.856611
0.016053
-0.010559
-0.021806
36.081287
41.631454
10.855441
-0.001022
0.002736
-0.003517
0.010322
-0.016977
0.270241
0.832066
0.823470
0.839443
0.854130
0.857193
0.800548
0.840477
0.812323
0.835912
0.703036
0.014615
-0.002571
0.024198
28.670824
41.642506
41.670147
41.635971
41.625469
41.635605
41.612022
41.654911
41.613800
41.625565
27.541903
0.002890
-0.010290
-0.020560
-0.000626
0.000033
0.002463
-0.001395
0.000403
-0.005762
0.006353
-0.017163
-0.020265
0.015205
-0.008382
0.000363
-0.020578
-0.016632
0.014978
0.016851
-0.032434
-0.001357
0.024527
0.002884
-0.000218
0.015165
-0.036340
-0.023027
-0.004755
-0.017370
0.007705
0.011949
-0.014480
-0.002584
0.031389
-0.015106
-0.002552
-0.006147
-0.016501
-0.002149
0.028091
-0.010148
0.020688
-0.032174
-0.034942
0.012307
0.008189
-0.015520
-0.004326
0.023167
0.001331
0.003240
0.021809
0.025858
0.006124
-0.018409
0.001024
0.009784
-0.001436
-0.003731
-0.007586
0.006269
0.008218
-0.022066
0.003685
-0.000393
0.002828
0.001134
-0.006540
-0.013672
-0.001015
-0.018450
-0.023820
0.019673
-0.010623
-0.018762
-0.008020
-0.002434
0.005718
-0.012346
0.020732
0.007049
0.030894
0.002542
-0.007093
-0.002982
0.024133
-0.006069
