15.131314
16.102711
18.400263
27.533463
31.604013
29.329964
24.069090
18.753830
18.147158
15.657704
18.470232
18.863035
18.893517
18.860083
29.890640
28.574198
22.826908
16.147411
17.405756
20.295942
17.040245
8.489478
15.783592
19.102198
14.167142
19.540266
25.554661
25.108576
26.018995
34.712444
36.031101
34.775257
22.545546
20.767433
20.782745
22.852983
18.722805
18.972586
15.668006
8.400436
5.805194
5.840712
8.447122
8.112526
12.035958
18.393564
18.423386
8.256030
4.205476
1.642227
0.004230
0.865222
10.256340
13.958682
23.267929
26.811710
35.188568
31.317074
18.238764
8.113144
8.211454
11.589911
16.017120
18.947998
18.657530
21.494453
20.555084
26.186581
30.043539
30.437614
30.636786
31.431114
28.039852
27.204203
28.992477
41.158329
44.060791
35.590866
27.343721
27.318356
27.347692
27.556997
35.299171
35.448399
32.961830
20.038307
14.123516
14.627636
11.737362
6.539644
13.210606
12.850208
16.790833
13.713521
7.992818
9.490558
10.843660
13.802815
15.798641
17.304325
17.684080
11.513134
6.476011
6.591996
5.530936
16.135094
20.091349
22.506386
10.729772
18.352028
17.812305
14.446687
19.580563
36.281250
36.354874
34.416077
29.651337
7.464337
0.011739
0.020104
0.041116
11.424752
17.219267
18.780584
25.066998
26.391048
28.111887
29.349974
31.388618
32.024570
32.177204
29.209606
28.948803
28.165234
17.539532
6.206294
5.779336
3.256969
4.040897
15.068710
17.481543
17.804789
15.990612
25.899937
29.234238
27.980972
11.192105
9.125530
9.167799
6.161720
10.064147
25.568047
25.634380
20.245655
9.984592
11.517463
13.705314
7.580650
5.020811
3.878487
2.457993
5.616773
17.641443
18.716166
21.360847
17.073092
15.715598
15.727022
10.310798
4.539052
4.181453
3.234019
3.280324
15.153305
19.774471
19.308708
14.052608
10.637441
10.649131
10.734387
12.255766
14.842133
14.870668
13.339175
8.348213
9.245347
6.466691
5.934795
8.588428
10.770970
11.636518
6.005163
5.087609
4.904349
7.013111
5.715399
10.364317
9.856580
8.407591
8.473188
8.422444
9.100394
8.713534
4.758512
4.180548
1.468007
0.867804
3.533788
5.776066
5.659626
3.874017
4.878911
5.099191
5.153041
5.105837
10.704531
10.690639
9.442691
7.120107
9.715869
9.392984
8.405633
3.123872
1.683553
1.645932
0.391234
2.741605
4.184650
5.021654
1.187931
1.619092
2.325479
1.618314
1.667557
1.656041
1.965942
1.930123
0.899681
0.816299
0.329429
0.020011
11.924347
13.176571
22.727825
32.538483
36.503868
33.892624
25.641655
20.348885
19.865118
16.438124
18.440172
18.786900
18.888863
18.891098
29.992987
28.644571
22.736605
17.400135
19.198938
21.947332
19.044071
13.351360
20.644840
24.065605
19.017565
24.424030
30.447285
29.959023
29.955990
36.413925
37.776424
36.496647
20.894028
17.517948
17.600241
19.647758
18.900215
20.651112
17.386297
10.175234
7.471202
7.448945
10.185783
10.795577
16.883673
23.283033
23.283587
10.737008
4.158905
1.595170
-0.047416
3.306646
15.151167
18.848286
28.162611
27.228285
35.133026
31.395466
18.271091
12.479430
13.159800
16.456030
20.615683
20.605717
20.314159
23.180157
19.819614
22.925598
26.867325
27.156420
32.039837
36.337837
32.943813
32.187614
27.285648
38.032635
40.816303
32.415779
24.160975
24.107300
24.165548
24.794952
36.873848
37.121075
34.697041
23.396580
18.960999
19.435766
16.639133
7.914125
13.142633
12.831413
16.817852
14.833603
9.671739
11.174208
12.515144
15.496701
17.549776
19.008057
18.909378
11.494567
6.466019
6.416668
5.481329
16.072737
20.158785
22.500759
10.820791
18.485186
17.764084
14.444028
20.742092
37.967705
37.944901
35.659893
26.452251
4.783953
0.001868
0.036799
-0.056462
10.827849
13.968701
18.616213
29.085251
30.284346
32.601624
29.169504
28.178877
28.808355
28.959913
29.123726
29.639748
28.743677
17.531219
3.333969
2.609699
-0.045494
0.910878
11.204350
13.280247
13.634557
13.328616
27.100620
30.556187
29.518406
12.940942
10.811590
10.852077
7.900686
11.928833
27.912004
27.852776
21.500790
6.378932
7.400087
9.590354
4.279172
4.406172
3.487983
1.966998
3.681125
13.459102
14.478901
17.069271
12.889313
11.522410
11.434273
6.811594
4.284998
4.776267
3.913119
3.913522
16.759462
21.053968
20.580265
14.346704
9.616528
9.683836
9.656653
12.779116
19.308344
19.425360
18.053036
13.300787
14.144917
11.443412
10.812862
11.021574
11.523752
12.278356
7.968003
9.968536
9.804753
11.822638
10.545202
14.575647
13.761387
12.313107
12.320955
12.813250
13.560725
13.455344
6.161612
4.105893
1.443373
0.858414
0.991417
1.522055
1.476474
0.986084
9.317319
10.014401
9.978023
8.202705
7.935781
8.055079
6.477657
5.345419
10.515730
10.157717
9.149961
2.719991
1.266029
1.267482
0.740056
3.291415
4.820812
5.626226
1.216656
1.175944
1.348852
0.702527
0.686905
1.084240
1.572762
1.903878
1.466901
1.416418
0.939835
0.644532
11.842771
13.200212
19.400225
20.788164
24.025291
26.857210
24.569412
20.354155
19.814497
16.520735
24.574881
27.717796
32.152359
24.715919
24.936531
22.213495
16.453798
11.754411
21.666359
24.511311
25.483770
26.822823
29.533575
29.779030
16.110903
11.744131
11.757583
11.261657
11.271118
23.876087
27.877497
26.661385
21.897827
24.502012
26.571964
33.836880
33.013733
34.766922
31.580688
24.318136
20.979052
16.368631
18.937689
19.735807
20.025127
20.451664
20.442034
16.506006
13.021690
10.457678
13.292356
9.208885
20.393351
23.860289
26.486874
25.350636
37.130856
33.776329
21.692566
17.106977
13.068305
13.265038
13.615919
17.909000
22.179680
28.378555
26.943592
30.133457
33.992702
34.352898
39.228706
39.622795
34.738094
32.817139
19.254948
19.338169
22.101458
13.692118
5.433974
5.484054
5.413214
5.996759
20.574018
25.427782
22.992773
20.322319
25.196579
28.427410
25.443930
16.802700
21.981699
21.590853
22.777369
13.212421
14.496727
16.501371
17.758646
20.861595
22.850466
21.154459
17.188866
14.670671
15.348631
15.274846
14.412302
16.964754
17.330063
19.724443
18.889559
27.295551
26.650618
22.051563
19.830133
26.318050
26.397322
23.963446
17.256191
4.440363
-0.034851
0.075416
0.009578
8.366357
11.241360
9.308729
16.887268
17.918190
20.653257
17.449863
16.499084
17.076128
17.344120
17.709536
18.998947
18.146215
9.931929
3.345320
2.632666
-0.023324
0.853999
10.907438
12.629423
12.980852
12.636361
25.478418
28.090919
26.901716
21.090460
19.675861
19.603514
16.727140
19.961210
26.157120
26.138016
19.642740
6.049151
6.681171
8.855912
3.670948
4.442903
3.939917
1.885125
3.065308
12.739946
13.829273
16.548355
12.192969
10.804133
10.776324
6.717880
4.591282
5.811596
5.039376
4.975914
17.538033
21.537218
20.824360
13.614487
9.004873
8.988331
9.024698
12.022734
19.633947
19.866600
18.195042
13.201612
14.178331
11.358895
10.771421
10.856694
10.759948
11.661946
7.999074
10.013263
9.853539
11.833536
10.541192
14.069150
12.974009
11.651151
11.631402
13.132298
14.014097
13.597107
6.098924
4.192891
1.453883
0.839307
0.876132
0.840911
0.881863
0.895982
9.304140
10.000341
9.971715
8.191752
8.578576
9.149095
7.281503
5.350747
9.974658
9.458447
8.458881
2.036529
1.678393
1.732097
1.678981
4.411948
5.782225
6.661667
1.379681
0.856404
0.747037
-0.007146
0.013849
1.095764
1.936988
2.459825
2.562369
2.519779
2.047398
1.657565
6.981108
7.335768
13.205915
14.062387
19.849148
24.445358
21.877203
15.618548
13.650781
8.571740
19.138496
23.404413
29.757385
19.195576
20.175110
20.897392
18.473234
15.598866
28.790476
29.897097
30.075542
30.794624
28.895456
27.236414
14.214483
7.981818
7.682302
9.262815
9.349199
22.293734
26.968781
25.932045
21.952604
24.876810
26.107517
32.697639
31.016333
32.698299
32.226929
28.806156
26.489847
19.963186
20.302675
20.548727
21.399155
22.435087
24.573692
21.210016
17.917326
15.851193
20.167624
11.553593
18.270555
19.812210
20.250504
19.381201
36.253952
35.776325
26.365444
20.924103
15.070783
16.830072
17.246349
23.386595
28.500031
31.777576
29.400122
29.314762
31.879881
33.891266
38.800819
39.290459
36.569687
34.413361
17.722353
17.002926
16.063160
8.794937
1.332140
1.303010
3.025314
4.134606
17.302526
21.972395
20.962332
17.211384
24.724110
29.131342
27.774361
22.550205
27.815042
27.419514
29.753345
17.046253
20.767944
21.098789
19.778658
22.261286
25.020370
25.254419
21.083603
19.717552
20.223124
18.950598
17.986120
21.246662
21.961916
23.716391
23.742443
27.871738
27.149666
22.104424
16.639833
22.386930
23.665133
20.675220
15.802946
6.201918
0.053292
0.008350
-0.060368
11.506948
16.157904
11.523195
18.206673
17.364464
16.981831
13.830429
12.792907
13.461147
13.638527
14.182813
15.295899
14.520609
6.436591
0.508006
0.349517
1.735865
2.994592
12.910040
14.725739
15.157774
14.729935
29.497162
31.697023
29.685713
24.655888
23.257915
23.278950
20.430269
23.523977
28.991423
30.223875
23.716597
8.250749
8.859413
8.726019
2.932295
3.692891
4.435929
4.062714
5.180927
14.920940
14.006745
13.631118
9.356474
7.954134
8.806915
5.981197
3.881873
5.182343
4.260571
4.304992
16.823925
20.294647
17.865471
10.797856
6.115063
6.212220
6.204227
9.156785
16.733557
16.932354
15.416747
10.446966
11.307244
10.915922
10.749850
10.788563
10.813060
11.678454
7.970097
10.003559
9.792605
11.228290
9.872679
13.430152
13.540297
13.790827
13.757327
15.291264
15.528708
12.925794
5.488533
3.432351
1.294014
0.851629
0.880565
0.795882
0.798093
0.919965
9.273183
9.936200
9.941470
8.222518
8.559803
9.087774
7.253799
5.270399
9.965204
9.483850
8.475040
2.118093
1.614089
1.647316
1.598878
4.420717
5.760032
6.689917
1.309688
0.781698
0.675816
-0.003566
0.009414
1.155738
1.961616
2.500152
2.554664
2.428839
1.962696
1.646090
10.702023
10.652443
16.682632
17.224176
22.529455
27.351126
24.838839
18.414944
15.258711
3.317107
13.844648
18.579184
25.297651
14.750757
22.344326
24.543631
21.141617
16.727800
30.006701
29.988161
29.923527
31.483284
31.747540
29.770718
13.951929
7.424388
7.168967
9.967175
9.975325
25.072891
30.856947
29.874876
25.893110
28.877733
28.541004
30.263018
24.877636
26.591190
27.490955
27.473061
26.483711
19.847078
19.161335
19.169926
23.643654
29.003029
32.428513
29.120243
25.730249
24.091112
26.276762
12.465673
14.916152
14.920780
14.897897
14.535643
38.853889
37.944576
32.124519
27.930874
22.370352
25.712955
26.298529
32.442581
37.027405
38.166401
28.933424
25.574331
26.310335
28.969751
33.856510
41.079021
40.416393
38.808895
22.044308
21.296204
17.978067
8.243407
-0.004204
0.156159
3.551054
4.769678
19.463863
25.946316
24.260332
13.557644
21.100723
25.049929
24.933519
22.973610
28.108496
28.423096
30.927767
18.742579
29.919697
30.728180
23.528196
23.814009
26.239475
25.626564
21.426533
20.127813
20.392199
18.906891
18.104342
26.470131
30.520081
33.168888
33.194122
33.171181
29.790848
24.333208
18.851664
24.701618
27.500130
19.195036
13.409552
7.102798
-0.107699
0.065128
0.040171
12.013917
18.138264
13.551486
20.190117
18.532797
17.296000
14.123202
13.095255
13.176567
13.148949
13.633594
14.813750
14.803458
6.876997
0.817412
0.629934
2.705257
4.189991
14.092710
15.949847
16.317814
15.882811
30.634525
32.169769
29.706537
24.659933
23.321182
23.964743
21.186655
24.477358
29.784420
31.752197
25.737000
10.238698
10.777206
10.414585
4.401084
5.270127
5.450973
4.439410
5.507733
15.244410
13.550582
12.332945
8.012522
6.623168
7.947561
5.881591
3.786307
5.023916
5.777251
5.841640
18.370544
21.568594
18.269279
11.170805
6.464157
6.145947
5.682969
8.715595
16.287333
16.450754
14.829903
9.913314
10.785770
11.451057
11.679132
11.607198
11.644734
11.593021
7.930935
9.967548
9.996160
12.652340
11.399660
14.984239
14.679130
14.089189
14.209798
15.591012
16.320185
13.620447
6.130434
4.176160
1.376341
0.815321
0.835312
0.842246
-0.024906
0.013027
8.497933
9.159885
9.125843
7.393330
7.822742
8.283582
6.420641
4.469288
9.146316
9.149042
8.421831
2.093375
1.656599
1.750983
1.681293
4.415286
5.882866
6.674737
1.321460
0.795841
0.805901
0.792060
0.809958
1.932793
2.506123
2.465058
2.502078
2.468102
1.973965
1.683838
10.707680
10.681794
16.657402
17.167538
22.522955
27.342163
24.891342
18.488621
15.241974
3.224057
13.876842
18.709230
25.299879
14.785456
22.418045
24.628271
21.170885
16.804348
29.916161
29.989197
29.934216
31.556158
31.790874
29.788622
13.928526
7.472240
7.191780
9.931185
10.022439
25.066973
30.738701
29.807640
25.876545
28.814259
28.497135
30.199940
24.845194
26.719824
27.461552
27.423885
26.479301
19.809875
19.162209
19.167747
23.601160
28.997623
32.350979
28.987015
25.721399
24.083048
26.224581
13.902164
17.323748
17.214720
16.219814
12.556685
36.353584
35.527821
31.263327
28.017006
22.367006
25.640139
26.870974
34.805454
39.393890
40.444717
28.890442
25.565601
26.334009
28.977369
32.238117
38.638973
38.007507
36.252563
21.457302
21.027601
17.799124
8.197977
0.030504
0.164900
3.482562
5.385750
21.737238
28.365417
26.377296
12.557963
18.869537
22.753712
22.639355
21.312708
26.717709
27.003056
29.350342
16.240999
27.390051
28.222908
21.001656
21.554228
24.075872
23.364092
21.667656
22.438017
22.670712
21.234415
18.940134
25.093334
29.183132
31.107180
29.618801
29.756556
26.285578
21.625343
18.297470
24.452419
27.283831
19.193642
13.660079
7.391155
0.203111
-0.004260
-0.058710
11.909061
16.946459
12.480457
19.260309
17.639967
16.240643
11.335260
9.399409
9.474990
9.498665
11.847273
13.422379
13.351686
6.759637
1.058915
0.931010
2.943946
3.842115
10.653783
12.503516
12.918236
14.736710
29.507027
31.017393
28.460667
24.995373
24.719669
25.310011
22.161858
22.306004
27.291407
29.253532
23.379871
8.995308
9.421122
9.038677
6.440399
7.532106
7.869390
6.496768
4.151644
11.558516
9.850518
8.519707
5.901588
5.544940
6.898182
6.555883
6.086743
7.299626
8.206131
8.175468
19.628626
22.629974
19.465372
13.320720
8.807820
8.498908
7.978063
10.054732
16.340393
16.523230
15.465620
11.645126
11.911834
12.541327
11.695667
10.632503
10.661816
10.733451
8.059130
10.062501
10.059656
12.682250
11.340080
13.682909
13.433095
12.926203
14.083588
16.995808
17.703302
15.568686
8.699367
6.772282
3.969484
3.396024
3.398566
3.476271
2.565976
1.046466
6.276248
7.007869
6.877926
5.164543
4.286047
4.858944
3.350730
2.193171
7.034400
6.954747
6.803654
3.538737
3.935094
3.959324
3.940853
6.110799
7.140273
7.998659
2.025201
0.815342
0.814444
0.801162
0.894264
2.167486
2.768564
2.703199
3.838389
5.063402
4.575737
4.206546
10.672192
10.717624
16.683834
17.153053
22.553053
27.313910
24.854223
18.433571
15.246523
3.343944
8.760777
13.194859
19.795641
9.265902
16.969231
19.040812
15.667297
17.677408
33.265194
33.244347
32.728458
31.495916
31.757311
29.879257
13.992586
7.470720
7.130160
9.967070
10.003040
25.033941
30.804117
29.832754
25.243599
23.351259
23.072916
24.798004
25.738506
29.951153
30.737225
30.749846
29.830511
23.025126
22.408646
21.223558
23.673883
29.012278
32.342361
28.950998
25.659403
24.165655
26.305897
13.908874
17.462652
17.499002
16.295610
11.723084
34.102779
33.380665
28.562180
22.488987
16.849007
20.233025
21.495306
31.856636
37.372967
38.353168
24.860399
20.153933
20.855244
23.472933
26.854588
33.053608
32.500511
30.697651
17.191814
19.127678
15.793211
6.904767
3.292878
3.415308
6.847859
8.776681
21.224377
26.314772
24.396805
14.466359
26.076719
29.964470
27.795759
20.173552
18.495678
18.766005
23.093416
17.089336
30.679173
31.486633
23.774233
21.944813
22.443201
21.387533
16.194323
17.200106
17.439150
15.958223
15.955703
22.259705
26.391970
28.395334
28.799856
33.964317
30.613605
25.128201
19.962841
22.472897
25.285770
17.068365
14.841390
10.292853
3.585995
-0.003528
-0.041384
11.962351
16.672247
10.490269
15.139232
13.051515
9.748742
3.374285
4.319547
4.326220
4.321618
3.682155
5.132732
5.160110
1.885082
4.430744
4.821466
6.883698
7.509214
10.068116
11.243103
10.515081
7.798763
20.988840
22.594997
20.052935
23.135052
29.205467
29.843287
25.816856
23.762552
25.107935
27.150217
21.480169
6.708408
6.692884
6.637848
6.603720
10.197197
11.276882
10.122945
6.608151
6.765221
4.727597
3.398525
6.853043
10.005890
11.338833
10.328300
6.474644
7.482241
8.302200
8.312109
16.150223
17.705675
14.884868
11.458882
6.767733
6.430116
6.012460
7.166060
14.956367
15.146463
12.085636
9.208297
9.143651
9.767638
8.758244
10.248367
11.603414
11.617960
11.795443
14.160138
14.086078
16.322224
11.159704
10.748271
10.529030
9.993676
12.137689
18.079611
18.806480
18.216429
12.793673
10.847005
8.066611
7.473280
7.431951
7.473810
6.674940
5.003213
10.118092
10.801501
10.778136
8.780612
5.252368
5.834441
5.254417
6.178554
10.752759
10.810222
8.701512
3.627776
4.182028
4.166765
4.162990
6.955230
8.346163
9.169820
2.136640
0.823376
0.870956
0.847643
1.061151
6.081773
6.613238
6.652740
7.666859
9.168371
8.669728
8.244344
10.686197
10.710739
13.411468
13.514331
18.829632
23.876904
23.222168
16.767487
13.525168
2.470214
8.577402
13.015604
19.700029
10.060646
18.774738
20.824657
17.400513
16.041927
31.940311
31.919422
31.012062
29.602093
30.097681
28.086559
11.680302
3.828828
3.500065
6.333700
6.336498
21.448217
27.078917
26.140219
25.031515
25.130482
24.857218
26.557541
25.950682
30.582584
31.389864
31.150080
28.527288
21.766199
21.082937
19.266270
21.946478
27.315048
30.648350
28.094002
25.684481
24.137562
26.261728
12.201166
13.851161
13.781363
12.678506
12.124970
36.359978
35.510181
30.375742
19.063349
13.037766
16.342295
17.808731
31.767422
37.954506
38.873440
24.944088
20.002150
20.708855
23.376070
24.786016
29.328951
28.669676
26.925484
17.405743
21.270309
18.024687
9.139373
7.479051
7.743737
11.097824
12.045833
19.858471
24.841377
22.873583
13.620135
26.661190
30.593271
28.489012
21.621992
20.284761
20.612688
24.884304
15.491570
29.359039
30.187342
22.116722
20.042305
20.650963
19.418398
15.493488
18.954298
19.163063
17.804464
17.795200
24.278807
28.381809
30.327654
31.196011
38.370754
34.860500
29.452562
21.698689
22.950924
25.901711
17.961752
19.010988
12.872016
3.640291
0.039388
0.006847
11.969871
16.725986
9.993613
13.289100
11.185952
7.893546
2.993218
6.497232
6.503792
6.458271
5.018036
6.927464
6.923645
3.763748
6.347496
6.888242
8.807940
9.504436
13.560131
15.501923
14.645346
8.550569
17.193855
18.723507
16.222780
19.757727
27.845724
28.466499
24.463741
22.386843
23.641376
25.626617
19.999374
8.417498
8.627490
8.611854
8.685884
13.917480
15.566572
14.360684
9.963455
9.039389
6.932348
5.648365
9.184495
12.291536
13.619590
12.692917
7.856499
9.469144
10.313572
10.377315
15.934274
18.237095
15.393620
13.013288
10.976398
10.583776
10.114912
7.964529
11.149267
11.356433
8.296475
6.438181
7.364997
8.091086
7.144872
8.458018
9.992373
9.885384
9.824779
10.480371
10.384453
12.694582
7.472746
7.145846
6.831996
6.312442
8.584847
14.374552
15.178288
14.581097
11.723702
10.854500
8.051503
7.417118
7.542979
7.476477
6.621547
4.985802
8.578729
9.132871
9.162554
8.275277
7.276052
7.826036
7.178534
7.029646
9.100146
9.069437
6.971374
3.169905
4.227310
4.160834
4.193051
6.933399
8.397653
9.122692
2.133421
0.821871
0.818615
0.876079
1.084161
6.155563
6.609168
6.620641
7.764487
9.195330
8.680294
8.328578
