35.645039
28.283407
24.910049
25.606226
26.310919
21.259716
23.249979
24.498093
22.340086
22.374338
22.405672
23.345005
16.000299
6.903226
10.011895
10.014403
9.940823
9.971176
9.941657
10.892463
10.813398
14.513151
15.436452
20.365065
17.870586
26.399639
29.781073
32.340157
16.436819
13.188809
13.583980
10.040133
10.996105
14.165236
16.476381
18.296103
22.484093
30.819532
30.772516
23.464727
24.896250
27.221008
24.867451
22.573082
23.126133
24.113289
27.208187
29.486910
33.838242
30.927465
22.329960
12.976736
5.646044
6.371824
6.513829
20.209347
35.486595
37.754654
38.909767
38.784985
38.905857
42.644188
34.141453
23.495037
20.212732
18.104836
4.943182
9.158799
13.259011
20.476030
12.919611
9.797788
9.150315
8.508160
3.379406
2.963992
0.835790
0.902986
10.797098
13.141860
13.067735
10.632869
18.565727
19.605713
18.979584
15.694848
29.693491
32.001812
31.943218
23.231731
26.329298
22.672419
12.400599
10.873584
19.168774
19.205021
18.151255
14.842125
15.198298
18.825239
19.090540
23.987257
23.154247
21.488333
21.510664
21.470676
21.049091
20.599785
20.055506
25.797939
26.432774
23.854189
16.313866
18.961142
18.905134
11.643635
8.752119
5.861379
1.329100
0.049634
-0.044842
5.243450
16.842396
10.646004
21.655922
22.466301
19.781860
8.996888
13.085032
10.814478
8.717732
12.496105
21.497765
20.628618
10.296762
-0.023460
-0.019256
0.035839
1.158322
17.482048
19.329512
19.815548
15.863282
14.125476
13.607212
12.933579
10.824175
10.844483
12.423029
14.223211
12.198448
16.615906
13.921556
7.285432
0.013478
-0.058134
2.925143
3.279124
6.730443
7.818100
8.370522
9.495741
16.460541
16.504503
16.515715
16.463228
17.499550
18.003111
15.267366
16.234245
18.071543
17.230114
13.742552
8.148409
10.030566
9.994040
7.346824
12.567776
10.868670
9.177632
6.824002
11.556521
12.337687
12.305636
12.386434
12.351167
13.866874
13.762250
11.506806
11.197257
9.057205
9.047993
13.846025
15.491966
17.732628
11.595901
10.010113
8.673125
7.556926
3.818372
1.559020
2.397166
2.479832
4.555528
9.044628
9.017472
8.122268
11.439094
13.213694
13.190938
8.705748
0.827603
0.832467
0.807002
1.725046
11.256090
13.158168
13.184510
8.070974
5.026551
4.513080
3.049726
1.207970
3.563225
4.078962
4.022122
4.034296
4.070051
4.859107
4.082397
3.284985
3.162285
2.422321
0.663118
3.793472
5.968328
6.266067
0.992897
0.838178
0.224332
-0.024324
31.303076
25.446762
24.224669
25.680918
26.285801
21.194740
21.192516
21.801908
19.704237
19.677046
19.668146
20.600267
13.755962
6.944919
9.951511
9.975892
9.932910
10.015596
9.955701
10.832067
10.841268
14.558748
15.431648
18.710817
16.223026
24.178938
27.088268
29.640446
16.387112
13.163545
12.995046
8.419241
9.488486
12.547828
14.810166
16.723356
19.975040
26.506035
26.463591
20.726301
23.313688
25.522785
23.192699
20.818123
21.429598
22.538157
25.614727
27.822468
32.187527
29.388046
20.645117
11.756406
5.688687
6.338642
6.489065
19.354240
32.806957
35.037086
36.181602
36.132298
36.123013
38.477234
29.827881
20.496988
17.640697
15.437979
4.930360
9.134946
12.737342
18.805063
11.754146
9.856027
9.134056
8.538364
3.379152
2.987659
0.787320
0.885733
10.852783
13.179143
13.127528
10.660179
18.476625
19.508144
18.973707
15.700980
27.204374
29.236292
29.853968
23.271660
26.339310
22.646374
12.363539
9.973938
16.428734
16.475918
15.451406
12.085933
12.485343
16.069725
16.399845
21.282789
20.416967
18.781385
18.796396
18.733143
18.285805
17.957052
17.380716
23.130335
23.787317
21.119190
13.593569
16.306587
16.272566
10.617276
8.757810
5.836898
1.305625
-0.002007
0.050599
5.229991
16.804708
10.664382
19.126381
19.848572
17.653316
9.024702
13.139334
10.779022
8.764144
11.567167
18.757837
17.897747
9.307341
-0.009435
-0.019446
-0.028469
1.223722
17.341179
19.251715
19.849607
15.881527
14.141483
13.600820
12.933365
10.768120
11.939670
14.142495
15.215444
12.226104
15.318809
12.281918
6.551465
-0.057402
0.002424
2.991484
3.271628
7.129050
9.482903
10.031729
9.503785
16.518902
16.455730
16.453733
16.446459
16.526297
16.434286
13.599639
14.718249
17.910582
17.308748
13.862262
8.163608
10.047694
9.932353
7.281807
12.959085
12.430440
10.832082
6.898809
10.812601
10.772064
10.787536
10.835005
11.930554
14.113493
13.388922
9.942807
9.628084
7.492756
7.481038
12.331631
13.945875
16.316900
11.191580
10.384135
10.233461
9.129184
5.545241
2.400824
2.459730
2.241594
3.000403
7.418226
7.471772
6.585455
9.867676
13.097795
13.255896
8.686269
0.791166
0.825172
0.873549
1.797158
10.844161
11.668211
11.639078
8.015203
4.985898
4.531777
3.041416
1.307013
2.515661
2.484562
2.505435
2.468870
4.008167
5.062755
4.106720
3.243728
3.135242
2.456693
0.685685
3.358100
4.456298
4.742934
0.821957
0.848031
0.329873
0.017442
28.174755
28.076700
34.686489
38.173286
46.050793
31.459463
21.570120
19.522280
17.314054
16.985636
21.530661
23.317953
18.353052
19.367458
22.457792
22.493309
22.416674
22.417915
22.519255
29.079628
30.776600
34.509533
35.453365
33.091267
30.380486
36.052536
37.353344
39.893692
35.792671
25.756226
23.381317
12.720499
3.542021
6.651127
13.206774
18.332378
22.581673
30.733992
30.789160
23.452454
20.001699
19.661104
17.373856
15.032663
24.859579
29.145596
32.186684
34.376637
38.826832
35.993107
27.321920
19.809935
18.177612
18.810255
14.143661
15.986470
23.063406
25.307875
26.339157
26.350227
26.416039
30.177273
21.679123
17.288149
15.340248
13.185791
12.264542
28.331936
30.638510
32.940212
25.379053
22.329082
21.628868
16.181997
3.334098
2.980232
0.801580
0.839990
10.746881
13.100057
13.114202
10.658434
27.734346
32.023739
31.563576
28.240040
30.514486
32.002605
34.249863
35.790157
38.836231
35.101913
19.996265
6.634737
6.658183
6.689767
5.662535
8.990126
15.114758
18.778568
19.201231
23.992712
23.188410
21.467131
9.125342
9.049086
8.473677
8.130250
7.610914
13.292298
13.961430
11.416059
3.753791
6.458877
6.554584
6.501444
8.675048
5.829420
1.313810
-0.049033
-0.008829
5.324648
16.802776
10.653519
21.701719
22.406540
22.132807
21.454868
25.652681
23.284101
21.209040
20.731001
21.482389
20.583635
10.303443
0.016284
0.004612
-0.002451
1.218979
17.351776
19.276039
19.815315
15.905330
14.122372
13.555157
12.915525
10.804988
11.931247
14.117177
15.260495
12.250655
15.274066
12.261628
6.574080
0.006993
0.034379
2.957958
3.375348
7.180718
9.472271
9.990079
9.549896
16.518440
16.484520
16.531622
16.407803
16.460806
16.496233
13.707003
14.728014
17.943127
17.320436
13.757738
8.179956
10.000269
9.982167
7.320317
12.868527
12.471830
10.845277
7.013304
10.758540
10.740514
10.801741
10.803561
11.883398
14.119655
13.323952
9.959373
9.685914
7.457154
7.455951
12.275570
13.989809
16.200602
11.253410
10.349415
10.251672
9.172961
5.497884
2.588801
2.536051
2.245924
2.963856
7.510896
7.468677
6.558723
9.918855
13.164145
13.310553
8.670642
0.812010
0.825768
0.786372
1.792208
10.853313
11.653878
11.640291
8.039386
4.988131
4.510816
3.069998
1.284157
2.518640
2.597077
2.446282
2.453678
3.925963
5.021812
4.095306
3.274165
3.122277
2.481600
0.680453
3.428588
4.453876
4.774607
0.785711
0.856788
0.307892
-0.044146
24.794952
24.782635
29.526772
32.063393
39.948864
25.351782
15.365893
15.303069
17.422131
17.015217
21.560551
22.421812
17.075516
18.830317
21.856947
19.396416
19.165697
19.116224
19.117224
27.603041
30.243990
33.993179
35.043549
33.107708
30.288912
33.627178
34.272324
33.670033
29.798601
19.566517
19.565514
11.981153
3.647018
6.680725
11.548239
14.938360
19.106501
27.373543
29.336067
22.968279
17.667933
16.461113
14.601969
12.327078
21.982000
26.120926
26.160021
28.328077
32.706696
32.206795
26.645496
19.767319
18.175627
20.173607
16.896132
17.498312
22.653883
20.240929
20.221928
20.222454
20.248264
27.435629
21.107819
16.766941
16.447649
15.908278
15.055170
31.107149
30.501959
29.593306
22.112797
19.018808
19.660234
15.565413
2.779805
2.795202
3.622396
3.567800
13.552366
15.856583
15.922087
13.421745
28.129866
32.026726
31.457241
28.244858
30.463909
31.009779
31.023695
32.385273
35.511330
34.859844
22.634750
9.428657
9.077433
6.610087
5.701648
9.014279
15.111642
18.282974
18.577118
23.461985
22.892092
21.491514
9.166595
9.027164
9.271948
10.912318
10.316805
16.061716
16.801380
14.111191
6.547871
9.234084
9.316970
9.253459
11.559343
7.671790
1.311407
-0.012357
-0.059086
4.114736
13.485622
7.331852
18.373962
19.101559
18.771460
18.086220
22.371855
24.325729
23.947403
23.531914
24.253054
23.380087
13.088737
2.788201
1.891858
0.048126
1.135674
17.434910
19.277384
19.753315
15.904946
14.139153
14.444057
15.757526
13.613784
14.670102
15.257239
14.733961
11.693259
15.080056
15.057915
9.405389
2.807428
1.908535
0.005994
-0.004209
3.834879
6.350673
9.437633
8.982419
15.919133
15.964093
15.941950
15.895145
15.893648
13.347990
10.306276
11.378907
14.533821
13.921056
10.506626
4.810269
6.697670
6.625617
3.973984
9.556077
10.798378
10.852657
6.981528
10.812012
10.758427
10.827605
10.829694
11.963101
13.819017
12.836411
9.398164
9.517130
10.235248
10.269503
15.116777
16.722876
16.015434
10.686297
9.751179
10.033148
9.120625
5.466128
2.508504
2.527339
2.307714
3.005374
7.545424
7.520795
6.616616
9.899978
13.076737
13.345032
8.699144
0.812829
0.793717
0.792786
1.698892
10.927394
11.619996
11.635648
8.060204
4.987318
4.501931
3.050263
1.278251
2.452316
2.451764
2.469135
2.454523
3.976694
4.980549
4.163816
3.333141
3.120716
2.541397
0.601218
3.388546
4.508201
4.707489
0.883562
0.812233
0.353369
-0.031817
25.612236
25.582270
32.266186
35.316662
41.911427
27.335718
17.331951
17.601923
15.269121
10.456434
14.985557
16.342817
16.695179
20.251060
23.274693
19.588387
19.159668
23.817675
29.000219
37.004002
39.856415
43.595566
44.676075
39.709023
30.378653
27.472967
27.117075
26.628899
23.293917
22.368395
22.908361
20.844418
14.277247
17.365902
20.866230
23.974905
28.179371
36.474689
38.177814
23.472288
13.411595
9.617004
6.585082
4.313267
22.648312
28.005808
28.030460
30.290773
34.632435
35.208591
28.128679
20.616644
19.010946
20.627457
17.487007
19.317564
25.987389
20.803946
12.359188
12.286910
12.461908
23.324635
21.664604
17.315508
16.941376
16.451420
16.234003
41.507072
40.008846
31.331022
21.243196
18.175661
19.747990
16.168600
3.332517
3.333730
3.307549
3.308034
19.845613
25.616211
26.319500
23.840631
32.441307
35.357399
34.865269
31.495005
33.886314
33.832264
26.150900
25.062021
28.095366
28.130789
22.796816
9.997256
9.639896
7.446636
6.538159
9.786467
15.708851
17.995535
18.376011
23.203886
22.711554
21.514565
9.116447
8.990640
9.937710
12.333992
11.687181
17.474003
16.810076
13.786389
6.286451
8.965818
9.838977
9.796200
12.137352
8.151438
1.345164
0.014393
0.038370
4.120303
14.297759
8.126410
19.227179
20.020035
19.689236
18.982618
23.149187
24.743361
24.499609
24.028133
24.809937
24.810677
14.561341
4.128272
2.950231
0.020420
1.162186
17.424120
19.354351
19.774248
15.888408
14.193750
14.634224
16.302994
14.051124
15.199825
16.462313
16.078392
13.083063
16.509247
16.447910
10.733997
4.197844
3.189398
0.825460
0.876365
4.673540
6.615050
9.147479
8.746622
15.672146
15.636540
15.589128
15.573146
15.558552
12.660038
9.562289
10.556041
13.742382
14.800702
11.251364
5.668960
7.511911
7.562066
4.783865
10.453376
11.256927
10.813325
6.962307
10.812757
10.800671
10.850767
10.771434
11.888144
14.720421
14.231898
10.798061
10.755497
10.807527
10.824966
15.645068
17.453899
17.515730
11.974151
11.265911
10.490845
8.320212
4.769258
1.662276
2.188826
2.250490
3.023882
7.525597
7.484478
6.658238
9.816699
13.064388
12.511878
7.783201
-0.012076
0.041310
0.039084
0.897147
10.036726
10.791339
10.839329
7.217410
4.170945
4.096371
3.018800
1.296392
2.514092
2.470364
2.599957
2.496540
3.882411
5.008009
4.118752
3.335321
3.301957
3.324482
1.539508
4.214951
4.978118
4.816130
0.798258
0.818880
0.329660
0.043058
25.696272
25.646986
32.141987
35.320332
41.887741
27.234196
17.340305
17.655252
15.358129
10.481736
15.006644
16.320356
16.658621
20.213926
23.270836
19.602650
19.124552
23.759535
29.001951
37.043823
39.800468
43.571857
44.665653
39.598026
30.308014
27.432467
27.114712
26.672953
23.340061
22.342331
22.827299
20.894604
14.275904
17.400644
20.920088
23.989870
28.272573
36.456882
38.206093
23.534496
13.459089
9.626371
6.624834
4.364207
22.660549
28.001713
28.015673
30.307901
34.610203
35.155529
28.145617
20.658442
19.014172
20.553970
17.497801
19.290163
25.993412
20.772388
12.335840
12.299072
12.444276
23.340218
21.862028
18.878700
18.533871
18.069788
15.706551
39.369118
37.865761
29.489840
21.328926
18.121542
19.781603
16.134085
4.453736
4.921759
4.931103
4.058581
19.868589
25.635349
26.368479
23.685797
30.260769
33.168121
32.750229
29.936779
33.331806
33.345413
25.727022
25.023466
28.039986
28.073322
22.773849
11.088611
11.265626
9.056164
7.189830
7.854046
13.558247
15.935601
16.373383
22.641190
22.059679
20.992657
7.072702
6.833423
7.839481
10.195986
9.631998
15.318745
14.691206
12.460535
7.376986
10.611538
11.348622
11.430951
11.762854
7.644395
1.009028
-0.050165
-0.007921
4.089944
13.251897
6.547199
18.624475
19.442257
19.223286
18.962376
23.110239
24.792332
24.580915
22.545307
22.674046
22.697943
13.506755
4.175957
2.923242
0.005906
0.918568
15.261951
17.224581
17.646538
14.253036
13.652297
14.032235
15.841009
14.141550
15.192415
16.456629
16.073845
11.583431
14.415791
14.371522
9.763185
4.116612
3.131096
0.833003
1.008326
6.217177
8.205828
10.735494
8.225956
13.544104
13.506488
13.479171
14.335296
15.098361
12.105264
9.684511
12.088495
15.228402
16.435749
12.043918
3.675431
5.321154
5.361951
2.857960
9.935221
10.751578
10.208816
8.432861
12.396925
12.425669
12.334642
12.361612
13.471912
16.345995
15.749620
12.378695
12.422534
12.413852
12.411438
15.262922
16.932182
17.012154
13.062950
12.821347
12.027862
9.826080
4.739299
1.607396
2.176362
2.337785
2.677645
6.872252
6.963191
6.272599
9.923141
13.103557
12.516376
7.824440
1.444527
1.589974
1.545323
2.476796
11.593396
12.379169
12.422376
8.709625
5.797232
5.724278
4.434351
0.221425
0.365980
0.420663
0.442613
0.327584
1.805974
2.885507
1.993489
1.253308
1.204576
1.186754
1.128826
5.790398
6.590009
6.423086
2.424242
2.457214
1.975785
1.372724
25.593670
25.646708
32.236782
35.381786
41.884922
27.223476
17.367413
17.693312
15.297455
10.472966
15.090447
16.273880
16.658262
20.231094
23.256132
19.606432
19.134247
23.749874
28.964701
36.969730
39.790272
43.598705
44.655315
39.674583
30.368141
27.491850
27.136065
26.656889
23.335602
22.427626
22.899536
20.867538
14.280927
17.367676
20.874481
24.032087
28.228895
36.518391
38.166382
23.550154
13.431837
9.670472
6.634011
4.376595
22.601816
28.036182
27.991831
30.298864
34.675018
35.174442
28.182497
20.593079
18.939943
20.580519
17.509012
19.356052
25.959337
20.804947
12.305674
12.300544
12.402143
23.382288
22.017923
19.838730
19.460121
18.995737
15.609734
39.036724
37.518253
29.210150
21.230026
18.124620
19.751125
16.084364
5.120977
5.869685
5.832998
4.432504
19.850338
25.604921
26.339016
23.542614
29.907143
32.846592
32.337566
29.759283
33.833317
33.895832
26.179049
25.035507
28.132563
28.059177
22.787968
11.767380
12.131513
9.996537
7.647930
7.543839
13.129089
15.503901
16.096327
23.150267
22.628197
21.500763
6.834806
9.725713
10.726686
12.208025
8.321086
10.838777
10.144281
9.904048
8.068745
11.507283
12.368926
12.353254
14.313682
11.434525
4.138423
0.071857
-0.050495
4.158808
13.180991
6.289168
15.056153
15.794703
15.518624
15.548103
22.262693
23.917747
24.056898
22.286568
22.369440
22.347118
13.391370
6.132970
6.260374
3.249527
1.300643
11.524641
12.602785
13.197702
9.955928
13.213070
13.704595
14.524634
9.982738
11.074054
12.256530
11.891313
7.118579
9.795285
9.880022
8.223152
6.212704
6.462215
4.070095
4.342411
6.969628
8.247068
10.577910
3.995656
8.994706
8.948997
8.959991
10.930379
14.716734
11.720356
9.858974
13.040828
16.227354
17.301086
12.433880
0.853223
0.807541
0.819400
2.027885
10.386901
11.374773
10.766169
9.243792
9.201613
9.118181
9.151441
9.858870
13.442230
16.373915
16.202642
13.334188
13.305823
13.290828
13.357528
13.282478
13.299761
13.280750
13.376695
13.780746
12.934884
10.860463
4.910133
4.897921
5.440867
4.721989
2.136421
3.363787
3.305850
2.456812
7.120659
12.164735
11.533745
9.677213
5.557720
5.738998
5.775183
3.835427
9.215559
9.091315
9.180532
5.537942
5.733182
5.754034
5.412474
3.319726
3.265528
3.250065
3.248806
3.210553
4.637636
5.761583
4.833701
4.035904
4.145730
4.066024
4.351476
6.551807
6.636479
6.627417
6.604638
6.597539
6.078537
4.560123
20.677231
20.676821
27.333839
30.392622
36.950737
24.711666
19.738970
20.351778
18.105360
11.360886
15.074000
16.306252
16.712839
20.186583
23.270294
19.619583
19.125090
23.828085
28.966316
36.953167
39.883453
40.269543
39.647812
34.699299
27.825632
29.913952
29.869892
29.361717
26.101372
25.121618
25.637581
23.579466
14.568085
17.379812
20.934280
24.021624
28.213182
36.490120
38.208817
23.536779
13.472338
9.616459
6.653012
4.351672
20.790054
25.812317
25.843031
26.187727
29.683790
30.221699
23.195660
16.375341
16.807926
18.414339
15.056760
14.399921
21.030060
15.882482
7.328804
7.371472
7.528110
18.377903
16.995220
17.325474
17.353432
16.798393
16.879082
41.776913
40.275227
31.897390
22.709562
15.939497
17.601755
14.369214
7.853528
8.644388
8.691980
6.473078
16.687429
20.747114
21.381498
21.035870
32.216129
35.642250
35.091209
30.380859
28.867275
28.914618
21.237804
20.035194
23.124882
23.186495
18.207489
11.742182
12.171129
9.947369
7.682418
9.369224
15.900114
18.135361
18.862423
21.709684
20.508974
19.311932
4.696969
8.431513
9.365029
10.732804
8.060191
10.817571
10.149457
9.989139
5.788902
6.579211
7.381512
7.394738
11.744403
11.274172
4.862710
0.028945
-0.056480
1.502434
8.105396
4.828234
15.031334
15.901319
15.503960
15.102592
20.969175
22.629551
22.150127
17.329987
17.344353
17.417894
9.813136
8.535051
9.882141
6.844675
4.253680
9.975492
10.456097
10.970717
9.435123
14.137462
14.607201
15.204514
10.713466
13.839927
15.052282
14.612771
7.605651
7.602458
7.659265
7.420669
9.468025
10.057269
7.704711
6.696725
7.928783
9.101595
11.413776
3.880724
6.800175
6.844308
6.813012
8.941892
13.454564
10.469583
7.964899
8.059929
11.251162
12.277088
8.913181
0.762900
0.792494
0.855715
1.996018
10.422286
11.331397
10.804489
9.235070
9.195636
9.140708
9.138993
10.029126
14.381499
17.310953
16.753893
13.299462
13.285945
13.316753
13.277636
13.319280
13.348186
13.273202
13.323549
13.705881
12.904156
10.835533
4.895756
5.846930
6.280378
5.315405
2.099138
3.334939
3.302799
2.535844
7.471382
13.015102
12.467437
10.632856
6.399367
6.626714
6.633355
3.969190
9.183658
9.092682
9.110698
5.587708
6.597859
6.642358
6.373971
4.144509
4.190653
4.139987
4.186039
4.162532
5.612693
6.668090
5.800753
5.064357
5.023209
4.974551
5.231924
7.512004
7.556157
7.504814
7.483866
7.536502
7.028265
5.158387
